3	0.000187
4	0.000021
5	0.000021
6	0.000241
7	0.000021
8	0.000273
9	0.000021
10	0.000519
11	0.000021
12	0.000021
13	0.000021
14	0.000021
15	0.00299
16	0.000021
17	0.000021
18	0.000021
19	0.000115
20	0.000021
21	0.000021
22	0.000021
23	0.00015
24	0.000021
25	0.000021
26	0.000021
27	0.000021
28	0.001396
29	0.000178
30	0.000136
31	0.000021
32	0.000157
33	0.000243
34	0.000164
35	0.000628
36	0.000094
37	0.000021
38	0.000168
39	0.00023
40	0.000021
41	0.000021
42	0.000021
43	0.000021
44	0.000021
45	0.000021
46	0.000021
47	0.000021
48	0.000021
49	0.000203
50	0.000527
51	0.000021
52	0.000021
53	0.000021
54	0.000321
55	0.000852
56	0.001049
57	0.000021
58	0.000021
59	0.000021
60	0.000021
61	0.000194
62	0.000021
63	0.000021
64	0.000051
65	0.000021
66	0.000021
67	0.000021
68	0.000021
71	0.000021
72	0.000601
73	0.000021
74	0.000021
75	0.000322
76	0.000021
77	0.000021
78	0.000021
79	0.000021
80	0.000171
81	0.000021
82	0.000021
83	0.000021
84	0.000021
85	0.000021
86	0.000642
87	0.000021
88	0.000021
89	0.000068
90	0.000021
91	0.000021
92	0.000021
93	0.000054
94	0.000271
95	0.000515
96	0.000021
98	0.000021
99	0.000021
100	0.000021
101	0.000021
102	0.000021
103	0.000021
104	0.000021
105	0.000228
106	0.000021
107	0.000021
108	0.000527
109	0.000021
110	0.000021
111	0.000021
112	0.000021
113	0.000021
114	0.000021
115	0.000021
116	0.000021
117	0.000021
118	0.000021
119	0.000021
120	0.000021
121	0.000021
122	0.000021
123	0.000021
124	0.000021
125	0.000021
126	0.000021
127	0.000081
128	0.000021
129	0.000021
130	0.000056
132	0.000136
133	0.000021
134	0.000021
135	0.000212
136	0.000021
137	0.000021
138	0.000021
139	0.000021
140	0.000114
141	0.000021
142	0.000021
143	0.000021
144	0.000219
145	0.000021
146	0.000021
147	0.000097
149	0.000021
150	0.000091
151	0.00016
152	0.000413
153	0.00025
154	0.000086
155	0.00022
156	0.000021
157	0.000021
158	0.000021
159	0.000021
160	0.000021
161	0.000021
162	0.000021
163	0.000064
164	0.000021
165	0.000021
166	0.000021
167	0.000051
168	0.000071
169	0.000021
171	0.00029
172	0.000021
173	0.000021
174	0.000021
175	0.000107
176	0.000021
177	0.000021
178	0.000199
179	0.000021
180	0.000021
181	0.000021
182	0.000133
183	0.000076
185	0.000021
187	0.000021
188	0.000021
189	0.000021
190	0.000021
191	0.000021
192	0.000167
193	0.000021
194	0.000021
195	0.000021
196	0.000021
197	0.000021
198	0.000021
199	0.000021
200	0.000021
201	0.000021
202	0.000021
203	0.000021
204	0.000514
205	0.000021
206	0.000021
207	0.000021
208	0.000021
209	0.000021
210	0.000021
211	0.000021
212	0.000021
213	0.000021
214	0.001104
215	0.000021
216	0.000096
217	0.000021
218	0.000021
219	0.000068
221	0.000021
222	0.000045
223	0.000021
224	0.000088
225	0.000021
226	0.00015
227	0.000268
228	0.000143
230	0.000458
231	0.000021
232	0.000109
233	0.000021
234	0.000021
235	0.000021
236	0.000111
237	0.000021
238	0.000021
239	0.000021
240	0.000021
241	0.000021
242	0.000021
243	0.000449
244	0.000021
245	0.000021
246	0.0001
247	0.000021
248	0.000021
249	0.000021
250	0.000463
251	0.000021
252	0.000146
253	0.000021
254	0.000021
255	0.000171
256	0.000021
257	0.000085
258	0.000059
259	0.000331
260	0.000021
261	0.000105
263	0.000021
264	0.000021
265	0.000021
266	0.000021
267	0.000021
268	0.000021
269	0.000021
270	0.000021
271	0.001189
273	0.000074
274	0.00006
275	0.000021
276	0.000021
277	0.000021
280	0.000151
282	0.000983
283	0.000021
284	0.000021
285	0.000248
286	0.000153
287	0.000021
288	0.000021
289	0.000021
290	0.000539
291	0.000025
292	0.000021
293	0.000021
294	0.000021
295	0.000021
296	0.000021
297	0.000021
298	0.000245
299	0.000822
300	0.000094
301	0.000052
302	0.00013
303	0.000021
304	0.00019
305	0.000021
306	0.000048
307	0.000021
308	0.000162
309	0.000021
310	0.000259
311	0.000163
312	0.000021
313	0.000208
314	0.000059
315	0.000021
316	0.000021
317	0.000116
318	0.000021
319	0.000084
320	0.000021
321	0.000124
322	0.000191
323	0.000021
324	0.000135
325	0.000164
326	0.000021
327	0.000021
328	0.000021
329	0.000021
330	0.000021
331	0.000021
332	0.000158
333	0.000021
334	0.000217
335	0.000021
336	0.000021
337	0.000021
338	0.000045
339	0.000076
340	0.000021
341	0.000059
342	0.000021
343	0.000021
344	0.000021
345	0.000021
346	0.000158
347	0.000021
348	0.000109
349	0.00006
350	0.000183
351	0.000021
352	0.000021
353	0.000021
355	0.000021
356	0.000286
357	0.000021
358	0.000053
359	0.000044
362	0.000152
363	0.000242
364	0.000021
365	0.000021
366	0.000021
367	0.000021
368	0.000195
369	0.000021
370	0.000338
371	0.000346
372	0.000154
373	0.000137
374	0.000021
375	0.000021
376	0.000021
377	0.000097
378	0.000039
379	0.000079
381	0.000021
382	0.000021
383	0.000021
384	0.000021
386	0.000021
387	0.000021
388	0.000021
389	0.000051
390	0.000043
391	0.00014
392	0.000034
393	0.000021
394	0.000158
395	0.000021
396	0.000099
397	0.000021
398	0.000021
399	0.000021
400	0.000021
401	0.000021
402	0.000342
403	0.000139
404	0.000021
405	0.00016
406	0.000087
407	0.000651
408	0.000021
409	0.000021
410	0.000021
411	0.000021
412	0.000021
413	0.000021
414	0.000021
415	0.000325
416	0.000021
417	0.000614
418	0.000021
419	0.000028
421	0.000031
422	0.000118
423	0.000021
424	0.000021
425	0.000142
426	0.000021
427	0.000051
428	0.000129
429	0.000064
430	0.000021
431	0.000129
432	0.000251
433	0.000114
434	0.000021
435	0.000149
436	0.000021
437	0.000021
438	0.000021
439	0.000355
440	0.000143
441	0.000021
443	0.000021
444	0.000021
445	0.000021
446	0.000021
447	0.000084
448	0.000021
449	0.000021
450	0.000021
451	0.000021
453	0.000021
454	0.000021
455	0.000021
456	0.000021
457	0.000021
458	0.000021
460	0.000021
461	0.000021
462	0.000021
463	0.000021
465	0.000347
467	0.000021
468	0.000021
469	0.000021
472	0.000021
473	0.000021
476	0.000021
477	0.000187
479	0.000021
480	0.000021
481	0.000021
486	0.000021
488	0.000082
489	0.000021
490	0.000021
492	0.000021
493	0.000021
494	0.000021
495	0.000021
497	0.000021
498	0.000021
499	0.000021
501	0.000021
502	0.000021
504	0.000021
506	0.000136
507	0.000021
509	0.000021
511	0.000021
513	0.000021
514	0.000199
515	0.00012
516	0.000021
517	0.000132
519	0.000021
520	0.000021
521	0.000021
522	0.000021
523	0.000021
524	0.000163
525	0.000034
527	0.000021
528	0.000021
529	0.000021
530	0.000021
531	0.000021
532	0.000021
534	0.000021
536	0.000021
538	0.000063
539	0.000021
540	0.000021
541	0.000021
542	0.000021
543	0.000021
544	0.000021
545	0.000335
546	0.000021
547	0.000021
548	0.000021
549	0.000444
550	0.000021
551	0.000021
552	0.000021
553	0.000021
554	0.000034
555	0.000021
556	0.000021
557	0.000021
558	0.000021
559	0.000275
560	0.000336
561	0.000021
562	0.000021
563	0.000021
564	0.000077
565	0.000214
566	0.000072
567	0.000197
568	0.000021
569	0.000021
570	0.000021
571	0.000021
572	0.000021
573	0.000021
574	0.000021
575	0.000034
576	0.000021
577	0.000021
578	0.000021
579	0.000362
580	0.000021
581	0.000075
582	0.000021
583	0.000021
584	0.000325
585	0.000021
586	0.000086
587	0.000172
588	0.000021
589	0.000234
590	0.000151
591	0.000021
592	0.000089
593	0.000021
594	0.000021
595	0.000021
596	0.000021
597	0.000021
598	0.000021
599	0.000021
600	0.000662
601	0.000047
602	0.000021
604	0.000105
605	0.000021
606	0.000106
607	0.00011
608	0.00032
609	0.000278
610	0.000021
611	0.000132
612	0.000021
613	0.000144
614	0.000021
615	0.000021
616	0.000061
617	0.000029
618	0.000024
619	0.000055
620	0.000021
621	0.000021
622	0.00007
624	0.000042
625	0.000021
626	0.000357
627	0.000102
628	0.000096
631	0.000069
632	0.000021
633	0.00017
634	0.000021
635	0.000021
636	0.000181
637	0.00019
638	0.000021
639	0.000021
640	0.000021
641	0.000021
642	0.000021
643	0.000116
644	0.000543
645	0.000042
646	0.000021
647	0.000148
648	0.000021
649	0.000021
650	0.000033
651	0.000021
652	0.000021
653	0.000021
654	0.000021
655	0.000021
656	0.000297
657	0.000056
658	0.00008
659	0.000151
661	0.000021
662	0.000021
663	0.000202
664	0.000125
665	0.000963
666	0.000021
667	0.000628
668	0.000037
669	0.000021
670	0.000061
672	0.000021
673	0.000153
674	0.000045
675	0.000097
676	0.000021
677	0.000286
678	0.000021
679	0.000021
681	0.000076
682	0.00011
683	0.000021
684	0.000116
686	0.000063
687	0.000045
688	0.000021
689	0.000021
690	0.000021
691	0.000094
692	0.000021
693	0.000021
694	0.000042
695	0.000021
696	0.000232
697	0.000229
698	0.000021
699	0.000021
700	0.000034
701	0.000021
703	0.000021
704	0.00021
705	0.000042
706	0.000061
707	0.0001
708	0.000021
709	0.000021
710	0.000176
711	0.000021
712	0.000021
713	0.000021
714	0.000335
715	0.000231
716	0.000021
717	0.000045
718	0.000021
719	0.000179
720	0.000021
721	0.000021
722	0.000169
723	0.000126
724	0.000021
725	0.000088
726	0.000021
727	0.000021
728	0.000021
729	0.000021
730	0.000162
731	0.000021
732	0.000021
733	0.000208
734	0.000021
735	0.000021
736	0.000021
737	0.001471
738	0.000021
739	0.000315
741	0.00014
742	0.000145
743	0.000054
744	0.000036
745	0.000021
746	0.000136
748	0.000108
749	0.000115
750	0.000184
751	0.000021
752	0.000021
753	0.000021
754	0.000021
755	0.000021
756	0.000463
758	0.000021
759	0.000021
760	0.000257
761	0.000305
762	0.001399
763	0.000291
764	0.000214
765	0.000337
766	0.000021
767	0.000021
768	0.000021
769	0.000466
770	0.000021
771	0.000194
772	0.000021
773	0.000021
774	0.000021
775	0.000021
776	0.000021
778	0.000066
779	0.000054
780	0.000021
781	0.000021
782	0.000021
783	0.000021
784	0.000111
785	0.000021
786	0.000021
787	0.000021
788	0.000021
789	0.000341
791	0.000042
792	0.000021
793	0.000065
794	0.000123
795	0.000087
796	0.000021
797	0.000079
798	0.000147
799	0.000021
800	0.000021
801	0.000021
802	0.000092
803	0.000154
804	0.000021
805	0.000112
806	0.000078
807	0.000021
808	0.000021
810	0.00006
811	0.000021
812	0.000021
813	0.000168
814	0.000021
815	0.000021
816	0.000021
817	0.000381
818	0.000021
819	0.000021
820	0.000079
821	0.000021
822	0.000106
823	0.000032
824	0.000021
825	0.001016
826	0.000071
827	0.000135
829	0.000217
830	0.000021
831	0.000021
832	0.000021
835	0.000021
836	0.000068
837	0.000085
838	0.00014
839	0.000073
840	0.000554
841	0.000021
842	0.000021
843	0.000021
844	0.000098
845	0.000021
847	0.000021
848	0.000021
849	0.000251
850	0.000021
851	0.000021
852	0.000021
853	0.000112
854	0.000021
855	0.000021
856	0.00025
857	0.00037
859	0.000232
860	0.000021
861	0.000082
862	0.000021
863	0.000374
864	0.000071
865	0.000021
866	0.000061
867	0.000021
868	0.000111
869	0.000021
870	0.000021
871	0.000157
872	0.000021
873	0.000144
874	0.000021
875	0.000109
876	0.000021
877	0.000021
878	0.000126
879	0.000021
880	0.000021
881	0.0001
882	0.000043
883	0.000021
885	0.000059
886	0.000021
887	0.000198
888	0.000021
889	0.000021
890	0.000021
891	0.000021
892	0.000021
893	0.000347
895	0.000205
896	0.000477
897	0.000193
898	0.000021
899	0.000021
900	0.000021
902	0.000021
903	0.000057
904	0.000247
905	0.000021
906	0.000199
907	0.00012
908	0.000186
909	0.000021
910	0.000021
911	0.000021
912	0.000021
913	0.00009
914	0.000021
915	0.000021
916	0.000021
917	0.000021
918	0.000115
919	0.000021
920	0.000021
921	0.000021
922	0.000937
923	0.000021
924	0.000021
926	0.000021
927	0.000021
928	0.000175
929	0.000053
930	0.000673
931	0.000021
932	0.000097
933	0.000021
934	0.000051
935	0.000198
936	0.000091
937	0.00027
938	0.000123
940	0.000021
941	0.000635
942	0.000054
943	0.000086
944	0.000021
945	0.000081
946	0.000167
947	0.000117
948	0.000081
949	0.000021
950	0.000021
951	0.000021
954	0.000021
955	0.000075
956	0.000075
957	0.000021
958	0.000147
959	0.000604
960	0.000256
961	0.000021
962	0.000021
963	0.000112
964	0.000021
965	0.000021
966	0.000271
967	0.000237
968	0.00013
969	0.000021
970	0.000021
971	0.000109
972	0.000184
973	0.000021
974	0.000695
975	0.000109
976	0.000021
977	0.000153
978	0.000493
979	0.000121
980	0.000021
981	0.00009
982	0.000102
983	0.000038
984	0.000021
985	0.000114
986	0.000021
987	0.000021
988	0.000021
989	0.000182
990	0.000021
991	0.000096
992	0.000021
993	0.001078
994	0.00008
995	0.000047
996	0.000021
998	0.000021
999	0.000127
1000	0.000214
1001	0.000021
1002	0.000021
1003	0.000021
1004	0.000021
1005	0.000021
1006	0.000188
1007	0.000085
1008	0.000021
1009	0.000021
1010	0.000021
1011	0.000021
1012	0.000189
1013	0.000021
1014	0.00024
1016	0.000021
1017	0.000021
1018	0.000277
1019	0.000021
1020	0.000063
1021	0.000021
1022	0.000198
1023	0.000104
1024	0.000147
1025	0.000021
1026	0.000898
1027	0.000021
1028	0.000021
1029	0.00012
1030	0.000073
1031	0.001201
1032	0.000158
1033	0.000021
1034	0.000109
1035	0.000364
1037	0.000021
1038	0.000057
1039	0.000074
1040	0.000021
1041	0.000021
1042	0.000021
1043	0.000089
1044	0.000298
1045	0.000021
1046	0.000021
1047	0.000021
1048	0.000021
1049	0.000411
1050	0.000021
1051	0.000021
1052	0.000021
1053	0.000198
1055	0.000056
1058	0.000021
1059	0.000021
1060	0.000051
1061	0.000116
1062	0.000263
1063	0.000021
1064	0.000021
1065	0.000021
1066	0.000021
1067	0.000021
1068	0.000021
1070	0.000021
1071	0.000021
1072	0.000021
1074	0.000108
1075	0.000146
1077	0.000134
1078	0.000021
1079	0.000021
1080	0.000465
1081	0.000021
1082	0.000021
1083	0.000021
1084	0.000021
1085	0.000021
1086	0.000021
1087	0.000021
1088	0.000021
1089	0.000021
1090	0.000021
1092	0.000034
1093	0.000021
1094	0.000021
1095	0.000021
1096	0.000021
1097	0.000125
1098	0.000021
1099	0.000021
1100	0.000093
1101	0.000021
1102	0.000021
1103	0.000287
1104	0.000021
1105	0.000021
1106	0.000021
1107	0.000021
1108	0.000021
1109	0.000021
1110	0.000021
1111	0.000416
1112	0.000021
1113	0.000021
1114	0.000033
1115	0.000021
1120	0.000021
1123	0.000228
1124	0.000075
1125	0.000178
1126	0.000021
1127	0.00015
1128	0.000049
1129	0.000021
1130	0.000021
1131	0.000104
1132	0.000021
1133	0.000021
1134	0.000021
1135	0.000021
1137	0.00017
1138	0.000021
1139	0.000021
1140	0.000203
1141	0.000061
1142	0.000021
1143	0.000021
1144	0.000063
1145	0.000021
1146	0.000021
1147	0.000021
1148	0.000021
1150	0.000021
1151	0.000338
1152	0.000069
1154	0.000274
1155	0.000021
1156	0.000497
1157	0.000295
1158	0.000021
1159	0.000281
1160	0.000088
1161	0.000021
1164	0.000267
1165	0.00036
1166	0.00048
1167	0.000389
1168	0.000045
1169	0.000021
1170	0.000021
1171	0.000021
1172	0.000021
1173	0.000021
1174	0.000021
1175	0.000021
1176	0.000021
1177	0.000021
1178	0.000021
1179	0.000021
1180	0.000021
1181	0.000021
1182	0.000021
1183	0.000021
1184	0.000021
1185	0.000154
1186	0.00115
1187	0.000021
1188	0.000021
1189	0.000021
1190	0.000179
1191	0.00026
1192	0.00013
1193	0.000456
1194	0.000021
1195	0.000021
1196	0.000085
1197	0.000021
1198	0.000021
1199	0.000463
1200	0.000265
1201	0.00033
1202	0.000021
1203	0.000163
1204	0.000021
1205	0.000021
1206	0.000021
1207	0.000021
1208	0.000021
1209	0.000021
1210	0.000021
1211	0.001513
1212	0.000021
1213	0.000021
1214	0.000021
1215	0.000021
1216	0.000021
1218	0.000136
1219	0.000021
1220	0.000061
1221	0.000073
1222	0.000148
1223	0.000021
1224	0.000021
1225	0.000021
1226	0.000021
1227	0.000021
1228	0.000021
1229	0.000021
1230	0.000141
1231	0.000021
1232	0.000038
1233	0.000021
1234	0.000224
1235	0.000021
1236	0.00014
1237	0.000021
1238	0.000021
1239	0.000199
1240	0.000034
1241	0.000173
1242	0.000021
1243	0.000175
1244	0.000021
1245	0.000021
1246	0.000021
1247	0.00048
1248	0.000199
1250	0.000158
1252	0.000021
1253	0.000284
1254	0.000021
1255	0.000021
1256	0.000021
1257	0.000021
1258	0.000021
1259	0.000127
1260	0.000098
1261	0.000314
1262	0.000021
1264	0.000021
1266	0.000051
1267	0.000358
1268	0.000021
1269	0.000021
1270	0.000033
1271	0.000021
1272	0.000021
1273	0.000021
1274	0.000021
1275	0.000021
1276	0.000021
1277	0.000173
1278	0.000021
1279	0.00022
1280	0.000021
1281	0.000021
1282	0.000071
1284	0.000232
1285	0.000192
1286	0.000227
1287	0.00003
1290	0.000021
1291	0.000226
1292	0.000021
1293	0.000021
1294	0.000021
1295	0.000021
1296	0.000202
1297	0.001651
1298	0.000021
1299	0.000021
1300	0.000021
1301	0.000021
1302	0.000021
1303	0.000021
1304	0.000021
1305	0.000258
1306	0.000021
1307	0.000391
1308	0.000021
1309	0.000021
1310	0.000667
1311	0.000021
1312	0.000021
1313	0.000021
1314	0.000021
1315	0.000302
1316	0.000021
1317	0.000021
1318	0.000021
1319	0.000329
1320	0.000021
1321	0.000082
1322	0.00023
1323	0.0001
1324	0.000021
1325	0.000021
1326	0.00008
1327	0.000021
1328	0.000021
1329	0.000021
1330	0.000291
1331	0.000021
1332	0.000021
1333	0.000021
1334	0.000021
1335	0.000021
1336	0.000021
1337	0.000021
1338	0.000021
1339	0.000021
1340	0.000021
1341	0.000021
1342	0.000021
1343	0.000021
1344	0.000021
1345	0.000021
1346	0.000021
1349	0.000021
1350	0.000021
1351	0.000021
1352	0.000454
1353	0.000156
1354	0.000021
1355	0.000021
1356	0.000021
1357	0.000446
1358	0.000021
1359	0.000021
1360	0.000191
1361	0.000021
1362	0.000021
1365	0.000021
1366	0.000021
1367	0.000021
1368	0.000021
1369	0.000021
1370	0.000021
1372	0.000097
1373	0.000021
1374	0.000463
1375	0.000114
1376	0.000021
1377	0.00014
1378	0.000252
1379	0.000021
1380	0.000021
1381	0.000021
1382	0.000113
1383	0.000021
1384	0.000278
1385	0.001023
1386	0.000021
1387	0.000021
1388	0.000021
1389	0.000134
1390	0.000175
1391	0.000021
1392	0.000021
1393	0.00026
1394	0.00014
1395	0.000021
1396	0.000084
1397	0.000021
1398	0.000021
1399	0.000021
1400	0.000021
1401	0.000021
1402	0.000159
1403	0.000307
1404	0.000021
1405	0.000021
1406	0.000021
1407	0.000125
1408	0.000021
1409	0.000021
1410	0.000021
1411	0.000174
1412	0.000833
1413	0.000181
1416	0.000304
1418	0.000096
1419	0.000128
1420	0.000092
1421	0.000021
1422	0.000021
1423	0.000021
1424	0.000021
1425	0.000182
1426	0.000021
1427	0.000021
1428	0.000303
1429	0.000021
1430	0.000021
1431	0.000021
1432	0.000079
1433	0.000021
1434	0.000021
1435	0.000054
1436	0.000021
1437	0.000484
1438	0.000021
1439	0.000162
1440	0.000021
1441	0.000105
1442	0.000332
1443	0.000021
1444	0.000186
1445	0.000021
1446	0.000266
1447	0.000021
1448	0.000021
1449	0.000021
1450	0.000021
1451	0.000021
1452	0.000021
1453	0.000793
1454	0.000021
1455	0.000021
1456	0.000021
1457	0.000021
1458	0.000021
1459	0.000021
1460	0.000021
1461	0.000021
1462	0.000021
1463	0.000021
1464	0.000335
1465	0.000303
1466	0.000021
1467	0.000021
1468	0.000099
1469	0.000021
1470	0.000021
1471	0.000172
1472	0.000051
1473	0.000379
1474	0.000021
1476	0.000136
1478	0.000037
1480	0.000021
1481	0.000021
1482	0.000295
1483	0.000021
1484	0.000288
1485	0.000044
1486	0.000047
1487	0.000139
1488	0.000021
1489	0.000302
1490	0.000067
1492	0.000393
1493	0.000097
1494	0.000021
1495	0.000021
1496	0.000412
1497	0.000333
1498	0.000176
1499	0.000021
1500	0.000021
1501	0.000136
1502	0.000021
1503	0.000021
1504	0.000021
1505	0.000021
1506	0.0001
1507	0.000032
1509	0.000021
1510	0.000027
1511	0.000021
1512	0.000021
1513	0.000083
1514	0.000379
1515	0.000021
1516	0.000021
1517	0.000021
1518	0.000111
1519	0.000021
1520	0.000146
1521	0.000203
1522	0.000021
1523	0.000021
1524	0.0001
1525	0.000194
1526	0.000021
1527	0.000021
1528	0.000021
1529	0.000021
1530	0.000021
1531	0.000079
1532	0.000033
1533	0.000032
1534	0.000164
1535	0.000021
1536	0.000021
1537	0.000076
1538	0.000351
1539	0.000021
1540	0.000021
1541	0.000021
1542	0.000163
1543	0.000021
1545	0.000021
1546	0.000021
1547	0.000143
1548	0.000446
1549	0.00107
1550	0.000142
1551	0.000021
1552	0.000021
1553	0.000021
1554	0.000021
1555	0.000136
1556	0.000081
1557	0.00005
1558	0.000021
1559	0.000021
1560	0.000021
1561	0.000021
1563	0.00011
1564	0.000288
1565	0.000214
1566	0.000291
1568	0.000021
1569	0.000165
1570	0.000021
1571	0.000288
1572	0.000021
1573	0.000148
1574	0.000021
1575	0.000021
1576	0.000021
1578	0.000021
1579	0.000021
1580	0.000173
1581	0.000034
1582	0.000021
1583	0.000083
1584	0.000021
1585	0.00046
1587	0.000114
1588	0.000021
1589	0.000021
1590	0.000021
1591	0.000021
1592	0.000139
1593	0.000281
1594	0.000021
1595	0.000086
1596	0.000155
1597	0.000114
1599	0.000021
1600	0.00007
1601	0.000021
1602	0.000021
1603	0.000177
1604	0.000066
1605	0.000021
1606	0.000021
1607	0.000021
1608	0.000256
1609	0.000021
1610	0.00019
1611	0.000021
1612	0.000048
1613	0.000107
1614	0.000021
1615	0.000021
1616	0.000021
1617	0.000021
1618	0.000114
1619	0.000041
1620	0.000021
1621	0.000248
1622	0.00044
1623	0.000021
1625	0.000021
1626	0.000021
1627	0.000021
1628	0.00007
1629	0.000062
1630	0.000021
1631	0.000021
1632	0.000021
1633	0.000936
1634	0.000021
1635	0.000021
1636	0.000035
1637	0.000291
1638	0.000621
1639	0.000021
1641	0.000228
1642	0.000021
1643	0.000021
1644	0.000021
1645	0.000021
1646	0.000619
1647	0.000021
1648	0.000289
1649	0.00007
1650	0.000021
1651	0.000021
1652	0.000123
1653	0.000104
1654	0.000168
1655	0.000021
1656	0.000021
1657	0.000032
1658	0.000149
1659	0.000021
1660	0.000021
1661	0.000362
1662	0.000094
1663	0.000021
1664	0.000039
1665	0.000021
1666	0.000021
1667	0.000021
1668	0.000021
1669	0.000081
1670	0.000021
1671	0.000021
1672	0.000072
1674	0.000021
1675	0.000021
1676	0.000021
1677	0.000021
1678	0.000062
1679	0.000479
1680	0.000265
1681	0.000021
1682	0.000021
1683	0.000021
1684	0.000021
1685	0.000021
1686	0.000021
1687	0.000078
1688	0.000467
1689	0.000036
1690	0.000021
1691	0.000021
1692	0.000106
1693	0.000021
1694	0.000021
1695	0.000021
1696	0.000021
1697	0.000501
1698	0.000021
1699	0.000021
1700	0.000308
1701	0.000425
1703	0.000021
1704	0.000021
1705	0.000504
1706	0.000259
1707	0.000113
1708	0.000021
1709	0.000021
1710	0.000021
1711	0.000021
1712	0.000021
1713	0.000021
1714	0.000113
1715	0.000021
1716	0.000049
1717	0.000616
1718	0.000393
1719	0.000021
1720	0.000021
1721	0.000021
1722	0.000021
1723	0.000436
1724	0.000021
1725	0.000021
1726	0.00125
1728	0.000021
1729	0.000659
1730	0.000082
1731	0.000021
1732	0.000069
1733	0.000083
1734	0.000356
1735	0.000021
1736	0.000021
1737	0.000021
1738	0.000021
1739	0.000021
1740	0.000021
1741	0.000021
1742	0.000021
1743	0.000021
1744	0.000372
1745	0.000021
1746	0.000205
1747	0.000092
1748	0.000021
1749	0.000179
1751	0.000021
1752	0.0001
1753	0.000021
1754	0.000723
1755	0.000021
1756	0.000021
1757	0.000093
1758	0.000165
1759	0.000021
1760	0.000021
1761	0.000021
1762	0.000021
1763	0.000021
1764	0.000021
1765	0.000021
1766	0.000021
1767	0.000021
1768	0.000091
1769	0.000233
1770	0.000067
1771	0.000111
1772	0.000322
1773	0.000021
1774	0.000169
1775	0.000021
1777	0.000251
1778	0.000021
1780	0.000129
1781	0.000214
1782	0.000021
1783	0.000159
1784	0.000021
1785	0.000021
1787	0.000238
1788	0.000279
1789	0.000021
1790	0.000021
1791	0.000074
1792	0.00017
1793	0.000178
1794	0.000021
1795	0.000021
1796	0.000021
1797	0.000021
1798	0.000139
1799	0.000227
1800	0.000021
1802	0.000325
1803	0.000021
1804	0.000021
1805	0.000142
1806	0.000021
1807	0.000021
1808	0.000246
1809	0.000021
1810	0.000021
1811	0.00026
1812	0.000021
1813	0.000021
1814	0.000209
1816	0.000204
1819	0.000084
1820	0.000021
1821	0.000021
1822	0.000021
1823	0.000113
1825	0.000021
1826	0.000021
1827	0.000021
1828	0.000021
1829	0.000021
1830	0.000021
1831	0.000021
1832	0.000021
1833	0.000131
1834	0.000021
1835	0.000365
1836	0.000597
1837	0.000108
1838	0.000021
1839	0.000021
1840	0.000021
1841	0.000021
1842	0.000936
1844	0.000021
1845	0.000021
1846	0.000021
1847	0.000282
1848	0.000172
1849	0.000229
1852	0.000021
1853	0.000021
1855	0.000846
1856	0.000021
1857	0.000103
1858	0.000177
1859	0.000518
1860	0.000021
1861	0.000123
1862	0.000021
1863	0.000021
1864	0.000216
1865	0.000116
1866	0.000021
1867	0.000021
1868	0.000021
1869	0.000021
1870	0.000021
1871	0.000021
1872	0.000021
1873	0.000021
1874	0.000021
1875	0.000021
1876	0.000021
1879	0.000021
1880	0.000083
1881	0.000021
1882	0.000021
1883	0.000021
1884	0.000151
1885	0.000021
1886	0.000021
1887	0.000021
1888	0.000315
1889	0.000021
1890	0.000021
1891	0.000021
1892	0.000021
1893	0.000537
1894	0.000021
1895	0.000021
1896	0.000021
1897	0.000021
1899	0.000021
1900	0.000021
1901	0.000089
1902	0.000021
1903	0.000179
1905	0.000021
1906	0.000021
1907	0.000021
1908	0.000282
1909	0.000021
1911	0.000021
1912	0.000021
1913	0.000021
1914	0.000021
1915	0.000155
1916	0.000021
1917	0.000021
1918	0.000394
1919	0.000511
1920	0.000097
1921	0.000021
1922	0.000021
1923	0.000021
1924	0.000021
1925	0.000021
1926	0.000021
1927	0.000345
1928	0.000021
1929	0.000021
1930	0.000021
1931	0.000021
1932	0.000021
1933	0.000021
1934	0.000021
1935	0.000307
1937	0.000021
1938	0.000021
1939	0.000021
1940	0.000021
1941	0.000021
1943	0.000021
1944	0.000021
1945	0.000021
1946	0.000021
1947	0.000021
1948	0.000021
1950	0.000029
1951	0.000021
1952	0.000021
1953	0.000154
1955	0.000037
1956	0.000626
1958	0.000021
1959	0.000021
1960	0.000021
1961	0.000147
1962	0.000021
1963	0.000383
1964	0.000204
1965	0.000182
1966	0.000281
1967	0.000021
1968	0.000021
1969	0.000169
1970	0.000021
1971	0.000021
1972	0.000142
1973	0.000153
1975	0.000021
1976	0.000021
1977	0.000316
1978	0.000021
1979	0.000108
1980	0.000021
1981	0.000021
1982	0.000651
1983	0.000059
1984	0.00011
1985	0.000095
1986	0.000021
1987	0.000121
1988	0.000021
1989	0.000021
1990	0.000401
1991	0.000083
1992	0.00036
1993	0.000021
1994	0.000021
1995	0.000021
1996	0.000021
1997	0.000353
2000	0.000021
2001	0.000191
2002	0.000021
2003	0.000021
2004	0.000171
2005	0.000021
2007	0.000078
2008	0.000021
2009	0.000021
2010	0.000021
2011	0.000021
2012	0.000021
2013	0.000021
2014	0.000653
2015	0.000021
2016	0.000247
2017	0.000021
2018	0.000021
2019	0.000021
2020	0.000021
2021	0.000021
2023	0.000021
2024	0.000021
2025	0.000021
2026	0.000021
2027	0.000021
2028	0.000021
2029	0.000021
2030	0.000021
2031	0.000021
2032	0.000021
2033	0.000021
2034	0.000021
2035	0.000021
2036	0.000021
2037	0.000021
2038	0.000021
2040	0.000021
2041	0.000021
2042	0.000021
2044	0.000021
2045	0.000021
2047	0.000021
2049	0.000021
2050	0.000021
2051	0.000021
2052	0.000021
2053	0.000192
2054	0.000021
2055	0.000071
2056	0.000021
2057	0.000021
2058	0.000021
2059	0.000021
2060	0.000092
2061	0.000021
2062	0.000391
2063	0.000021
2064	0.000021
2065	0.000021
2066	0.001444
2067	0.000021
2068	0.000021
2069	0.000074
2070	0.000021
2071	0.000218
2072	0.00014
2073	0.000174
2076	0.000193
2077	0.000021
2079	0.000275
2081	0.000021
2082	0.000021
2083	0.000026
2084	0.000021
2085	0.000129
2086	0.000021
2087	0.000021
2088	0.000021
2089	0.000021
2090	0.000021
2091	0.000129
2092	0.000025
2093	0.000021
2094	0.000021
2095	0.000227
2096	0.000021
2097	0.000087
2099	0.000021
2100	0.000021
2101	0.000075
2102	0.000227
2103	0.000021
2104	0.000021
2105	0.000021
2106	0.000165
2108	0.000021
2109	0.000072
2110	0.000021
2111	0.000021
2112	0.000042
2113	0.000021
2114	0.000515
2115	0.000021
2116	0.000141
2117	0.00054
2118	0.000021
2119	0.000086
2120	0.000502
2121	0.000038
2125	0.000021
2126	0.000021
2127	0.000021
2128	0.000223
2129	0.000067
2130	0.000021
2131	0.000021
2132	0.000021
2133	0.000023
2134	0.00086
2135	0.000376
2136	0.000021
2137	0.000129
2138	0.000021
2139	0.000021
2141	0.000021
2142	0.000021
2143	0.000021
2144	0.000669
2145	0.000493
2146	0.000021
2147	0.000021
2148	0.000021
2149	0.000021
2150	0.000021
2151	0.000451
2152	0.000021
2153	0.000021
2155	0.000021
2156	0.000021
2157	0.000239
2159	0.000021
2160	0.000618
2161	0.000021
2163	0.000054
2164	0.000021
2165	0.000087
2167	0.000021
2168	0.000093
2169	0.000021
2170	0.000021
2171	0.000021
2172	0.000021
2173	0.000021
2174	0.000366
2175	0.000021
2176	0.000021
2177	0.000021
2178	0.000081
2179	0.000021
2180	0.000021
2181	0.000109
2182	0.000278
2183	0.000021
2184	0.000021
2185	0.000798
2186	0.000021
2187	0.000021
2188	0.000021
2189	0.000021
2190	0.000021
2191	0.000021
2192	0.000021
2193	0.000326
2194	0.000021
2195	0.000221
2196	0.000021
2197	0.000021
2198	0.000021
2199	0.000021
2200	0.000021
2201	0.000021
2202	0.000075
2203	0.000021
2204	0.000021
2205	0.000063
2206	0.000057
2209	0.000216
2210	0.000789
2211	0.000266
2212	0.000021
2213	0.000021
2214	0.000021
2215	0.000021
2216	0.000021
2217	0.000021
2218	0.000021
2219	0.000021
2221	0.000021
2222	0.000021
2223	0.000314
2224	0.000021
2225	0.000247
2226	0.000021
2227	0.000021
2228	0.000021
2229	0.000119
2230	0.000021
2231	0.000328
2232	0.000021
2233	0.000043
2234	0.000064
2235	0.000021
2236	0.000021
2237	0.001509
2238	0.000021
2239	0.000021
2240	0.000495
2241	0.000105
2242	0.000066
2243	0.000021
2244	0.000026
2246	0.000173
2247	0.000049
2249	0.000021
2250	0.000021
2251	0.000432
2252	0.000364
2253	0.000148
2254	0.000021
2255	0.000021
2256	0.000732
2257	0.000239
2258	0.000153
2259	0.000021
2260	0.000021
2261	0.000021
2262	0.000021
2264	0.000341
2265	0.000021
2266	0.000021
2267	0.000021
2268	0.000021
2269	0.000021
2270	0.000021
2272	0.000021
2273	0.000171
2274	0.000021
2276	0.000338
2277	0.000053
2278	0.000021
2280	0.000021
2281	0.000073
2282	0.000021
2283	0.000021
2285	0.000637
2286	0.000021
2287	0.000021
2288	0.000021
2289	0.000439
2290	0.000256
2291	0.000021
2292	0.000021
2293	0.000021
2294	0.000128
2295	0.000021
2296	0.000021
2297	0.00052
2298	0.000021
2299	0.000021
2300	0.000021
2301	0.000021
2302	0.000021
2304	0.000021
2305	0.000039
2306	0.000021
2307	0.000285
2308	0.000021
2309	0.000021
2310	0.000021
2311	0.000021
2312	0.000021
2313	0.000021
2314	0.000021
2315	0.000021
2316	0.000021
2317	0.000021
2318	0.000021
2319	0.000021
2320	0.000021
2321	0.000021
2322	0.00036
2323	0.000823
2324	0.000316
2325	0.000266
2326	0.000244
2328	0.001525
2329	0.000119
2330	0.000021
2331	0.000021
2332	0.000142
2333	0.000195
2334	0.000021
2335	0.000021
2336	0.000021
2337	0.000021
2338	0.000193
2339	0.000289
2340	0.000136
2341	0.000182
2342	0.000055
2343	0.000021
2344	0.000021
2345	0.000107
2346	0.000021
2348	0.000079
2349	0.000021
2350	0.000111
2351	0.000021
2352	0.000021
2353	0.000021
2354	0.000503
2355	0.000021
2356	0.000158
2357	0.000021
2359	0.000021
2360	0.000021
2361	0.000021
2362	0.000069
2363	0.000021
2364	0.000291
2365	0.000039
2366	0.000044
2367	0.000021
2368	0.000021
2369	0.000291
2370	0.000021
2371	0.000399
2372	0.000021
2373	0.000021
2374	0.000021
2375	0.000267
2376	0.000048
2378	0.000033
2379	0.000021
2380	0.000021
2381	0.000354
2382	0.000021
2384	0.000213
2385	0.000126
2386	0.000094
2387	0.000021
2388	0.000021
2389	0.000021
2390	0.000021
2391	0.000021
2392	0.000021
2393	0.000021
2394	0.000021
2395	0.000021
2396	0.000021
2397	0.000288
2398	0.002174
2399	0.000021
2400	0.000233
2401	0.000021
2402	0.000021
2403	0.000021
2404	0.000021
2405	0.000021
2406	0.000021
2407	0.000021
2409	0.000161
2410	0.000302
2411	0.000529
2412	0.000021
2413	0.000021
2414	0.000021
2415	0.000021
2416	0.000174
2417	0.000021
2418	0.000021
2419	0.000021
2420	0.000042
2422	0.000047
2423	0.000025
2424	0.000021
2425	0.000047
2426	0.000071
2427	0.000021
2428	0.000021
2429	0.000021
2433	0.000503
2434	0.000021
2435	0.000464
2437	0.000021
2438	0.000021
2439	0.000021
2440	0.000316
2441	0.000021
2442	0.000021
2443	0.000021
2444	0.000021
2445	0.000021
2446	0.000021
2447	0.000021
2448	0.000021
2449	0.000021
2450	0.000021
2451	0.000021
2452	0.000021
2453	0.000021
2454	0.000021
2455	0.000021
2456	0.000383
2457	0.000021
2458	0.000021
2459	0.000021
2460	0.000021
2461	0.000021
2462	0.000021
2463	0.000021
2464	0.000021
2465	0.000021
2466	0.000021
2467	0.000021
2469	0.000021
2470	0.001741
2471	0.000021
2472	0.000021
2473	0.000021
2474	0.000442
2475	0.000235
2476	0.000021
2477	0.000021
2478	0.000021
2479	0.000129
2480	0.000021
2481	0.000021
2482	0.000021
2484	0.000048
2485	0.00095
2487	0.000021
2488	0.000021
2489	0.000021
2490	0.00023
2491	0.000021
2492	0.000021
2493	0.000021
2494	0.000021
2495	0.000021
2496	0.000021
2497	0.000021
2498	0.000021
2499	0.000208
2500	0.000021
2501	0.000119
2502	0.000021
2503	0.000021
2504	0.000638
2505	0.000021
2506	0.000545
2507	0.000221
2508	0.000665
2509	0.000021
2510	0.000276
2511	0.000185
2512	0.000021
2513	0.000021
2514	0.000021
2515	0.000021
2516	0.000589
2517	0.00051
2518	0.000021
2519	0.000021
2520	0.000021
2521	0.000021
2522	0.000021
2523	0.000021
2524	0.000021
2526	0.000021
2527	0.000021
2528	0.000021
2529	0.000021
2530	0.000021
2531	0.000021
2534	0.000021
2535	0.001235
2536	0.000021
2537	0.000021
2538	0.000021
2540	0.000021
2541	0.000021
2542	0.000315
2543	0.000021
2544	0.000279
2545	0.000021
2546	0.000021
2547	0.000238
2548	0.000021
2549	0.000021
2550	0.000236
2551	0.000021
2552	0.000044
2555	0.000021
2556	0.000021
2557	0.000021
2558	0.000021
2559	0.000021
2560	0.000219
2561	0.000021
2562	0.000021
2563	0.000021
2564	0.000021
2565	0.001189
2566	0.000021
2567	0.000021
2568	0.000021
2569	0.000021
2570	0.000165
2571	0.000083
2572	0.000021
2573	0.000021
2574	0.000021
2575	0.000115
2576	0.000866
2577	0.000021
2578	0.000021
2579	0.000193
2580	0.000118
2581	0.000021
2582	0.000021
2583	0.000021
2584	0.000021
2585	0.000592
2586	0.000021
2587	0.000213
2589	0.00013
2591	0.000063
2592	0.00031
2593	0.000443
2594	0.000635
2595	0.000228
2596	0.000021
2597	0.000134
2598	0.000021
2599	0.000107
2603	0.000021
2604	0.000088
2605	0.000132
2606	0.000021
2607	0.00006
2608	0.000021
2609	0.000021
2610	0.000021
2611	0.000021
2612	0.000201
2613	0.000021
2614	0.000021
2615	0.000021
2616	0.000021
2617	0.000156
2618	0.000154
2619	0.000505
2620	0.000244
2621	0.000021
2623	0.000185
2624	0.000021
2625	0.002646
2626	0.000021
2627	0.000021
2628	0.000021
2629	0.000046
2630	0.000021
2631	0.000021
2632	0.000021
2633	0.000021
2634	0.000021
2635	0.000021
2636	0.000021
2637	0.000021
2638	0.000107
2639	0.000021
2640	0.000021
2641	0.000021
2642	0.000021
2643	0.000853
2644	0.000021
2645	0.000042
2646	0.000303
2647	0.000062
2648	0.000021
2649	0.000021
2650	0.000061
2651	0.000832
2652	0.000131
2653	0.000619
2654	0.001172
2655	0.000279
2656	0.000021
2657	0.001053
2658	0.000542
2659	0.000021
2660	0.000541
2661	0.000021
2662	0.000237
2663	0.000021
2664	0.000021
2665	0.000458
2667	0.000345
2668	0.000021
2669	0.000185
2670	0.00004
2671	0.000021
2672	0.000027
2673	0.000021
2674	0.000305
2675	0.000021
2676	0.000021
2677	0.000021
2678	0.000021
2679	0.000024
2680	0.000021
2682	0.000021
2683	0.000021
2684	0.000021
2685	0.000212
2686	0.000615
2687	0.000195
2688	0.000021
2689	0.000212
2690	0.000021
2691	0.000021
2692	0.000021
2693	0.000466
2694	0.000021
2695	0.000021
2696	0.000212
2697	0.000345
2698	0.000021
2699	0.000021
2700	0.000183
2701	0.000021
2702	0.000021
2703	0.000021
2704	0.000021
2705	0.000021
2706	0.000021
2707	0.00034
2708	0.00022
2709	0.000021
2711	0.000021
2713	0.000297
2715	0.000021
2716	0.000021
2717	0.000021
2718	0.000021
2719	0.000021
2720	0.000064
2721	0.000114
2722	0.000021
2723	0.000021
2724	0.000143
2725	0.000021
2727	0.000458
2728	0.000021
2729	0.000021
2730	0.000021
2731	0.000021
2733	0.000021
2734	0.000021
2736	0.000074
2737	0.000021
2738	0.000021
2739	0.000021
2740	0.000021
2741	0.000021
2744	0.000021
2746	0.000777
2747	0.000329
2748	0.000021
2749	0.000021
2751	0.000094
2752	0.000021
2753	0.000021
2754	0.000165
2755	0.000021
2757	0.000021
2758	0.000021
2759	0.000021
2760	0.000268
2761	0.000021
2762	0.000021
2763	0.000258
2764	0.000189
2765	0.000149
2766	0.000021
2767	0.000021
2768	0.00016
2769	0.000021
2770	0.000258
2771	0.000021
2772	0.000021
2773	0.000021
2774	0.000511
2775	0.0006
2776	0.000021
2777	0.000138
2778	0.000021
2779	0.000021
2780	0.000021
2781	0.000236
2782	0.000021
2783	0.000021
2784	0.000021
2785	0.000488
2786	0.000021
2787	0.000227
2788	0.000021
2789	0.000021
2790	0.000658
2791	0.000021
2792	0.000021
2793	0.000021
2794	0.000247
2796	0.000021
2797	0.000084
2798	0.000024
2799	0.000187
2801	0.000171
2802	0.000021
2803	0.000021
2804	0.000021
2805	0.000207
2807	0.000021
2808	0.000021
2809	0.000228
2811	0.000222
2813	0.000021
2814	0.000319
2815	0.000183
2817	0.000021
2818	0.000049
2819	0.000222
2821	0.000145
2822	0.000439
2823	0.000021
2824	0.000021
2825	0.000151
2826	0.000021
2827	0.000021
2828	0.000162
2830	0.00021
2831	0.000337
2832	0.000021
2833	0.000021
2834	0.00018
2835	0.000021
2838	0.000131
2839	0.000021
2840	0.000021
2841	0.000021
2842	0.000021
2843	0.000032
2844	0.000082
2845	0.000021
2846	0.000021
2847	0.000021
2848	0.000021
2849	0.000021
2850	0.000021
2851	0.000379
2852	0.000021
2853	0.000021
2855	0.000021
2856	0.000431
2857	0.000021
2858	0.000021
2859	0.00068
2860	0.000021
2861	0.000021
2862	0.000021
2863	0.000021
2864	0.000021
2865	0.000021
2866	0.000021
2867	0.000021
2868	0.000021
2869	0.000021
2870	0.000021
2871	0.000784
2872	0.000021
2875	0.000021
2876	0.000021
2877	0.000539
2879	0.000021
2880	0.000228
2881	0.000021
2882	0.000021
2883	0.000021
2884	0.000021
2885	0.000021
2886	0.000021
2887	0.000021
2888	0.000021
2889	0.000021
2890	0.000021
2891	0.000021
2892	0.000021
2893	0.000021
2894	0.000021
2895	0.000021
2896	0.000021
2898	0.000021
2899	0.000021
2900	0.00045
2901	0.000021
2902	0.000156
2903	0.000021
2904	0.000021
2905	0.000021
2906	0.000021
2907	0.000021
2908	0.000021
2909	0.000309
2910	0.000037
2912	0.000183
2913	0.000021
2914	0.000071
2916	0.000021
2917	0.000132
2918	0.000142
2919	0.000021
2921	0.000021
2922	0.000232
2923	0.000358
2924	0.000021
2925	0.000134
2926	0.000071
2928	0.000096
2929	0.000021
2930	0.000021
2931	0.000021
2932	0.000195
2933	0.000021
2935	0.000021
2936	0.000021
2938	0.000021
2939	0.000021
2940	0.000537
2941	0.000021
2944	0.000021
2945	0.000021
2946	0.000154
2947	0.000021
2948	0.000021
2949	0.000021
2950	0.000021
2951	0.000119
2952	0.000021
2953	0.000021
2954	0.000021
2955	0.000331
2956	0.000026
2957	0.000021
2958	0.001407
2960	0.000021
2961	0.000021
2962	0.000021
2963	0.000284
2964	0.000021
2965	0.000021
2966	0.000137
2967	0.000021
2968	0.00018
2969	0.000021
2970	0.000021
2971	0.000021
2972	0.000184
2973	0.0004
2974	0.00018
2975	0.000021
2976	0.000021
2977	0.000173
2978	0.000021
2979	0.000068
2980	0.000021
2981	0.000205
2982	0.000021
2983	0.000021
2985	0.000021
2986	0.000021
2987	0.000021
2988	0.000021
2989	0.000021
2990	0.000091
2991	0.000434
2992	0.000021
2993	0.00017
2994	0.000021
2995	0.000021
2996	0.000257
2998	0.000021
2999	0.00022
3000	0.000123
3001	0.000021
3002	0.000183
3003	0.000021
3004	0.000021
3005	0.000755
3006	0.000021
3007	0.000311
3008	0.000021
3009	0.000201
3010	0.000472
3011	0.000021
3012	0.000021
3013	0.000021
3014	0.000426
3015	0.000234
3016	0.000021
3017	0.000021
3018	0.00024
3019	0.000021
3020	0.000261
3021	0.000171
3022	0.000021
3023	0.000033
3024	0.000627
3025	0.000021
3026	0.000766
3027	0.000334
3028	0.000343
3029	0.000228
3030	0.000491
3031	0.000021
3032	0.000021
3033	0.000227
3034	0.000756
3035	0.000021
3036	0.000025
3037	0.000021
3038	0.000021
3039	0.000021
3040	0.000021
3041	0.000021
3042	0.000021
3043	0.000021
3044	0.000021
3046	0.000021
3047	0.000021
3048	0.000021
3049	0.000021
3050	0.000141
3051	0.000021
3052	0.000021
3053	0.000021
3054	0.000021
3055	0.000021
3056	0.000196
3057	0.000021
3059	0.000325
3060	0.000021
3061	0.000021
3062	0.000021
3063	0.000021
3066	0.000021
3068	0.000092
3070	0.000021
3071	0.000021
3072	0.000021
3073	0.000091
3074	0.000021
3075	0.000021
3076	0.000021
3077	0.000021
3078	0.000021
3080	0.000041
3081	0.000021
3082	0.000067
3083	0.000021
3084	0.001067
3085	0.000021
3086	0.000021
3087	0.000021
3088	0.000021
3089	0.001495
3090	0.000021
3091	0.000021
3092	0.000239
3093	0.000021
3094	0.000021
3095	0.000021
3096	0.000021
3097	0.000021
3098	0.000021
3099	0.000226
3101	0.000021
3102	0.000021
3103	0.000298
3104	0.000173
3105	0.000021
3106	0.000237
3107	0.000021
3108	0.000021
3109	0.000058
3110	0.000021
3111	0.000021
3112	0.000021
3113	0.000021
3114	0.000217
3115	0.000021
3117	0.000822
3118	0.000021
3119	0.000021
3120	0.000021
3123	0.000021
3124	0.000021
3125	0.000446
3126	0.000146
3127	0.000021
3128	0.000021
3129	0.000021
3130	0.000494
3131	0.000021
3132	0.000021
3133	0.000021
3134	0.000021
3135	0.000021
3136	0.000559
3137	0.000021
3138	0.000028
3140	0.000486
3142	0.000021
3143	0.000021
3144	0.000226
3145	0.000149
3146	0.000021
3147	0.000021
3148	0.000228
3149	0.000021
3150	0.000164
3151	0.000021
3152	0.000021
3153	0.000021
3154	0.000021
3155	0.000045
3156	0.000021
3158	0.000021
3159	0.000021
3160	0.000021
3162	0.000021
3163	0.000021
3164	0.00029
3165	0.000021
3166	0.000021
3167	0.000021
3168	0.000021
3169	0.000021
3171	0.000098
3172	0.000021
3173	0.000204
3174	0.000021
3175	0.000021
3176	0.000021
3180	0.000253
3181	0.000021
3182	0.000021
3183	0.000021
3184	0.000021
3185	0.000021
3186	0.000021
3187	0.000021
3188	0.000021
3189	0.000021
3190	0.000021
3191	0.000179
3192	0.000729
3193	0.000094
3194	0.000021
3195	0.000039
3196	0.000021
3197	0.000021
3198	0.000021
3199	0.000021
3200	0.000175
3201	0.000232
3202	0.000021
3203	0.000021
3204	0.000021
3205	0.000049
3206	0.000021
3207	0.000021
3208	0.000021
3209	0.000021
3210	0.000021
3211	0.000021
3212	0.000021
3213	0.000021
3214	0.000021
3215	0.000021
3216	0.000021
3217	0.000021
3218	0.000021
3219	0.000021
3220	0.000021
3221	0.000021
3222	0.000021
3223	0.000021
3224	0.000021
3225	0.000021
3226	0.000021
3227	0.000021
3228	0.000021
3229	0.000021
3230	0.000021
3231	0.000021
3232	0.000021
3233	0.000021
3234	0.000021
3235	0.000156
3237	0.000031
3238	0.000869
3239	0.000021
3240	0.000021
3241	0.000021
3242	0.000021
3243	0.000184
3244	0.000021
3245	0.000039
3246	0.000021
3247	0.000021
3248	0.000021
3249	0.000021
3250	0.000021
3251	0.000133
3252	0.000021
3253	0.000337
3255	0.00005
3256	0.000036
3257	0.000021
3258	0.000382
3259	0.000021
3260	0.000573
3261	0.000021
3262	0.000021
3263	0.000021
3264	0.000021
3265	0.000502
3266	0.000042
3267	0.000021
3268	0.000021
3269	0.000021
3270	0.000021
3271	0.000041
3272	0.000021
3273	0.000021
3274	0.000153
3275	0.000021
3276	0.000469
3277	0.000021
3278	0.000021
3279	0.000021
3280	0.000021
3281	0.000021
3282	0.000021
3284	0.000302
3285	0.000051
3288	0.000021
3290	0.000021
3291	0.000372
3292	0.000021
3293	0.000321
3294	0.000021
3296	0.000021
3297	0.000098
3298	0.000021
3299	0.000021
3300	0.000021
3301	0.000064
3302	0.000021
3303	0.000021
3304	0.000021
3305	0.000021
3306	0.000021
3307	0.000416
3309	0.00022
3310	0.00015
3311	0.000021
3312	0.000021
3313	0.000095
3314	0.000021
3315	0.000021
3316	0.000021
3317	0.000021
3318	0.000021
3319	0.000092
3320	0.000249
3321	0.000759
3322	0.000021
3323	0.000021
3324	0.000069
3325	0.000021
3326	0.000021
3331	0.000021
3332	0.000021
3333	0.000021
3334	0.001421
3335	0.000021
3338	0.00015
3339	0.000021
3340	0.000021
3341	0.000021
3342	0.000021
3343	0.000021
3344	0.000021
3345	0.000021
3346	0.000236
3348	0.00022
3349	0.000021
3350	0.000021
3351	0.00026
3352	0.001471
3353	0.000021
3354	0.000021
3355	0.000021
3356	0.000021
3357	0.000021
3358	0.000021
3359	0.000021
3360	0.000021
3361	0.000021
3362	0.000021
3363	0.000027
3366	0.000021
3367	0.000021
3368	0.000021
3369	0.000021
3370	0.000021
3371	0.000446
3373	0.000021
3374	0.000021
3375	0.000021
3376	0.000093
3377	0.000021
3378	0.000021
3379	0.000021
3380	0.000021
3381	0.000173
3382	0.000021
3383	0.000021
3384	0.000021
3385	0.000021
3386	0.000021
3388	0.000021
3389	0.000021
3390	0.000021
3391	0.000021
3392	0.000021
3393	0.000213
3394	0.000512
3395	0.000021
3396	0.000021
3397	0.000021
3398	0.000021
3399	0.000021
3400	0.000021
3401	0.000021
3402	0.000021
3403	0.000021
3404	0.000309
3405	0.000021
3406	0.000021
3407	0.000021
3408	0.001072
3409	0.000037
3410	0.000053
3411	0.000021
3412	0.000021
3416	0.000021
3417	0.000287
3418	0.000021
3422	0.000021
3423	0.000021
3424	0.000021
3425	0.000021
3426	0.000021
3427	0.000021
3429	0.000035
3433	0.000161
3434	0.000021
3435	0.000218
3436	0.000021
3437	0.000021
3438	0.000021
3439	0.000727
3440	0.000021
3441	0.000021
3443	0.00089
3444	0.000021
3445	0.000021
3446	0.000079
3447	0.000318
3448	0.000021
3449	0.000021
3450	0.000021
3451	0.000021
3452	0.00028
3453	0.000383
3454	0.000544
3455	0.000134
3456	0.001192
3457	0.000021
3458	0.000231
3459	0.001079
3460	0.000304
3461	0.000105
3462	0.000021
3463	0.000075
3464	0.00014
3465	0.000031
3466	0.000021
3467	0.000021
3468	0.000021
3469	0.000021
3470	0.000021
3471	0.000021
3472	0.000021
3473	0.000337
3475	0.000021
3477	0.000021
3478	0.000021
3479	0.000259
3480	0.000376
3481	0.000021
3482	0.000021
3483	0.000145
3486	0.000075
3487	0.000021
3488	0.000021
3489	0.000208
3490	0.000021
3491	0.000021
3492	0.000021
3493	0.000021
3494	0.000021
3495	0.000021
3496	0.000021
3497	0.000021
3498	0.00105
3499	0.000021
3500	0.000021
3504	0.000021
3506	0.000103
3508	0.000021
3509	0.000021
3510	0.000021
3511	0.000021
3512	0.000021
3513	0.000021
3514	0.000021
3515	0.000021
3516	0.000512
3518	0.000021
3519	0.000021
3520	0.000092
3521	0.000021
3522	0.000021
3523	0.000021
3524	0.000021
3525	0.000021
3526	0.000021
3527	0.000021
3528	0.000021
3529	0.000434
3530	0.000021
3531	0.000021
3532	0.000021
3535	0.000021
3536	0.000021
3537	0.000998
3538	0.000068
3539	0.000021
3540	0.000021
3541	0.000234
3542	0.000021
3543	0.000021
3544	0.000021
3545	0.000021
3547	0.000042
3548	0.000135
3549	0.000039
3550	0.000021
3551	0.000021
3552	0.000021
3553	0.000021
3554	0.00012
3555	0.000092
3556	0.000077
3557	0.000276
3558	0.000021
3560	0.000021
3561	0.000021
3562	0.000822
3563	0.000021
3564	0.000021
3565	0.000021
3566	0.000021
3567	0.000118
3568	0.000926
3569	0.000021
3571	0.000021
3576	0.000117
3577	0.000021
3578	0.000021
3579	0.000021
3580	0.000378
3581	0.000021
3582	0.000021
3583	0.000021
3584	0.000021
3585	0.000021
3586	0.000464
3587	0.000285
3589	0.000021
3590	0.000021
3591	0.000039
3592	0.000024
3593	0.000021
3594	0.000021
3595	0.000021
3596	0.000021
3597	0.000021
3598	0.000021
3599	0.000021
3600	0.000021
3601	0.000021
3602	0.000021
3603	0.000021
3604	0.000021
3605	0.000021
3606	0.000021
3607	0.000424
3609	0.000089
3610	0.000021
3611	0.000021
3613	0.000021
3614	0.000171
3615	0.000556
3616	0.000095
3617	0.000021
3618	0.000021
3619	0.000021
3620	0.000021
3621	0.000021
3622	0.000021
3623	0.00003
3624	0.000021
3625	0.000021
3628	0.000021
3629	0.000154
3630	0.000021
3631	0.000366
3632	0.000021
3633	0.000021
3634	0.000497
3635	0.000292
3636	0.000021
3637	0.000021
3638	0.000021
3639	0.000021
3640	0.000021
3641	0.000021
3642	0.000021
3643	0.000501
3645	0.000511
3646	0.000113
3647	0.000021
3648	0.000021
3649	0.000021
3650	0.000653
3651	0.000021
3652	0.000021
3653	0.000021
3654	0.000021
3655	0.000021
3656	0.000021
3657	0.000021
3658	0.000021
3659	0.000021
3660	0.000233
3661	0.00018
3662	0.000021
3663	0.000021
3664	0.000207
3665	0.000021
3666	0.000021
3667	0.000021
3668	0.000021
3669	0.000048
3670	0.000129
3671	0.000037
3673	0.000021
3674	0.000021
3675	0.000021
3676	0.000021
3677	0.000021
3678	0.000021
3679	0.000021
3680	0.000329
3681	0.00016
3682	0.000021
3683	0.000021
3684	0.000021
3685	0.000021
3686	0.000021
3687	0.000021
3688	0.000021
3689	0.000021
3690	0.000021
3691	0.0002
3692	0.000021
3693	0.000021
3694	0.000021
3695	0.000021
3696	0.000021
3697	0.000021
3698	0.000021
3700	0.000021
3701	0.000031
3702	0.000021
3703	0.000021
3704	0.000021
3705	0.000021
3706	0.000021
3707	0.000021
3708	0.00003
3709	0.000021
3711	0.000021
3712	0.000021
3713	0.000071
3714	0.000021
3715	0.000021
3717	0.000656
3718	0.000021
3719	0.000021
3720	0.00032
3722	0.000021
3723	0.000021
3724	0.000235
3725	0.000021
3726	0.00015
3727	0.000021
3728	0.000021
3729	0.000021
3730	0.000021
3731	0.000021
3733	0.000021
3735	0.000021
3737	0.000032
3742	0.000021
3743	0.000021
3744	0.000021
3745	0.000074
3746	0.000021
3747	0.000021
3748	0.000402
3749	0.000021
3750	0.000021
3751	0.000021
3752	0.000215
3753	0.000021
3754	0.000021
3755	0.000825
3757	0.000021
3758	0.000021
3759	0.000021
3760	0.000021
3761	0.000021
3762	0.000021
3763	0.000021
3764	0.000021
3765	0.000021
3766	0.000021
3767	0.000021
3769	0.00018
3770	0.000175
3771	0.000021
3772	0.0001
3774	0.000021
3775	0.000021
3776	0.000329
3777	0.000021
3779	0.000021
3780	0.000021
3781	0.000021
3782	0.000021
3783	0.000021
3784	0.000021
3785	0.000082
3786	0.000021
3787	0.0002
3788	0.000021
3791	0.000021
3792	0.000394
3794	0.000021
3795	0.000021
3796	0.00054
3797	0.000045
3798	0.000021
3799	0.000021
3800	0.000308
3801	0.000021
3802	0.000021
3803	0.000213
3804	0.000117
3805	0.000021
3806	0.000373
3807	0.000203
3808	0.000085
3809	0.000108
3810	0.000021
3811	0.000147
3812	0.000406
3813	0.000291
3814	0.000021
3815	0.000021
3816	0.000081
3817	0.000021
3819	0.000021
3821	0.000021
3822	0.000096
3823	0.000021
3824	0.000021
3825	0.000025
3827	0.000021
3829	0.000021
3830	0.000352
3832	0.000023
3833	0.000021
3834	0.000021
3835	0.000175
3836	0.000021
3837	0.000021
3839	0.000021
3840	0.000021
3841	0.000021
3842	0.000113
3843	0.000265
3844	0.000021
3845	0.000021
3847	0.000414
3848	0.000021
3849	0.000062
3850	0.000021
3851	0.000021
3854	0.000205
3855	0.000021
3856	0.000062
3858	0.000021
3862	0.000021
3863	0.000021
3864	0.000021
3865	0.000021
3867	0.000062
3869	0.000021
3870	0.000021
3871	0.000196
3872	0.000021
3873	0.000527
3875	0.000096
3876	0.000021
3877	0.000021
3878	0.000021
3880	0.000026
3881	0.000021
3882	0.000021
3883	0.000021
3885	0.000189
3886	0.000021
3887	0.00024
3888	0.000043
3889	0.000021
3890	0.000021
3891	0.000021
3892	0.000521
3893	0.000042
3894	0.000021
3895	0.000021
3896	0.000021
3897	0.000916
3898	0.00076
3900	0.000021
3901	0.000021
3902	0.000021
3903	0.000278
3904	0.000021
3905	0.000021
3906	0.000021
3907	0.000021
3908	0.000025
3909	0.000021
3910	0.00031
3911	0.000051
3912	0.000038
3914	0.000096
3916	0.000021
3917	0.000021
3918	0.000021
3919	0.000196
3920	0.000021
3921	0.000041
3922	0.000141
3923	0.000021
3924	0.000021
3925	0.000021
3926	0.000249
3927	0.000021
3928	0.000021
3929	0.000021
3930	0.000021
3931	0.000021
3932	0.000021
3933	0.00006
3935	0.000021
3936	0.000021
3937	0.0002
3939	0.000069
3941	0.000021
3942	0.000104
3943	0.000021
3944	0.000021
3945	0.000021
3946	0.000259
3947	0.000021
3948	0.000021
3949	0.000035
3952	0.000021
3953	0.000021
3954	0.000021
3955	0.000021
3956	0.000173
3957	0.000021
3958	0.000379
3959	0.000021
3960	0.000021
3961	0.000021
3962	0.00064
3963	0.000021
3964	0.000021
3965	0.000021
3966	0.000021
3967	0.000167
3968	0.000021
3969	0.000105
3970	0.000417
3971	0.00004
3973	0.000096
3974	0.000032
3976	0.000805
3977	0.000021
3978	0.000021
3979	0.000021
3980	0.000048
3981	0.000021
3982	0.000021
3983	0.000021
3984	0.000021
3985	0.000021
3986	0.000021
3987	0.000021
3989	0.000021
3990	0.000021
3991	0.000021
3992	0.000021
3995	0.000021
3997	0.000021
3998	0.000021
3999	0.000057
4000	0.000021
4001	0.000021
4005	0.000021
4006	0.000021
4007	0.000021
4008	0.000021
4009	0.00004
4010	0.000021
4011	0.000518
4012	0.000045
4013	0.000194
4014	0.000034
4015	0.000021
4016	0.000021
4019	0.000021
4020	0.000021
4021	0.000376
4023	0.000021
4024	0.000157
4025	0.000021
4026	0.000021
4027	0.000021
4028	0.000021
4030	0.000082
4031	0.00005
4034	0.000021
4035	0.000021
4036	0.000021
4037	0.002987
4038	0.000021
4039	0.000021
4040	0.000499
4041	0.000532
4042	0.000021
4043	0.000212
4044	0.00025
4045	0.000021
4046	0.000021
4047	0.000042
4048	0.000021
4049	0.000151
4050	0.000021
4051	0.000167
4053	0.000021
4055	0.000285
4056	0.000021
4057	0.000021
4058	0.000053
4059	0.000021
4061	0.000021
4062	0.000021
4063	0.000021
4064	0.000021
4065	0.000178
4066	0.000021
4067	0.000021
4068	0.000029
4069	0.000021
4070	0.000021
4071	0.000708
4072	0.000403
4073	0.000021
4074	0.000021
4075	0.000021
4076	0.000021
4077	0.000021
4078	0.000157
4079	0.000021
4080	0.000021
4082	0.000021
4083	0.000021
4085	0.000021
4086	0.000039
4088	0.000068
4089	0.000021
4090	0.000021
4091	0.000021
4092	0.000021
4093	0.000021
4095	0.000021
4096	0.000021
4097	0.000021
4098	0.000271
4099	0.000714
4100	0.000021
4103	0.00027
4104	0.000021
4105	0.000021
4106	0.000021
4107	0.000021
4108	0.000021
4109	0.000021
4110	0.000919
4111	0.000064
4116	0.000021
4117	0.000072
4119	0.000021
4120	0.000021
4121	0.000021
4122	0.000021
4123	0.000021
4124	0.000518
4125	0.000021
4126	0.000021
4127	0.000113
4128	0.000021
4129	0.000021
4130	0.000021
4131	0.000021
4132	0.000021
4133	0.000021
4134	0.000161
4135	0.000021
4136	0.000021
4137	0.000021
4138	0.000747
4139	0.000021
4140	0.000021
4141	0.000021
4142	0.000021
4143	0.000021
4144	0.000021
4145	0.000021
4146	0.000021
4147	0.000021
4148	0.000021
4149	0.000021
4150	0.000021
4151	0.000021
4152	0.000021
4153	0.000021
4154	0.000021
4155	0.000021
4159	0.000021
4162	0.000294
4163	0.000021
4164	0.000021
4165	0.000021
4166	0.000021
4167	0.000021
4168	0.000039
4169	0.000021
4170	0.000021
4171	0.000069
4173	0.00013
4174	0.000021
4175	0.000377
4176	0.000021
4177	0.000021
4178	0.000021
4179	0.000525
4180	0.000021
4181	0.000116
4183	0.000077
4184	0.000021
4185	0.000021
4186	0.000021
4187	0.000021
4188	0.000027
4189	0.000177
4190	0.000021
4191	0.00164
4192	0.000021
4194	0.000021
4195	0.000021
4197	0.000021
4198	0.000021
4199	0.000383
4200	0.000021
4201	0.000402
4202	0.000021
4203	0.000021
4204	0.000021
4205	0.000021
4206	0.000021
4207	0.000021
4208	0.000021
4209	0.000021
4210	0.000021
4211	0.000046
4212	0.000441
4213	0.000021
4214	0.000021
4215	0.000021
4216	0.000535
4217	0.000021
4218	0.000176
4219	0.000319
4220	0.00008
4221	0.000021
4222	0.000021
4223	0.000021
4224	0.000021
4225	0.000021
4228	0.000021
4229	0.000021
4231	0.000069
4232	0.000021
4233	0.000357
4234	0.00018
4235	0.000053
4236	0.000021
4237	0.000041
4238	0.000021
4240	0.000021
4241	0.000021
4242	0.000021
4243	0.000021
4244	0.000021
4245	0.000021
4246	0.000021
4247	0.000604
4248	0.000021
4249	0.000021
4250	0.000021
4251	0.000021
4252	0.000021
4254	0.00004
4255	0.000021
4256	0.001117
4257	0.000021
4259	0.000021
4260	0.000021
4261	0.000821
4263	0.000315
4264	0.000021
4265	0.000032
4266	0.00058
4267	0.000021
4269	0.000303
4272	0.00003
4273	0.000021
4274	0.000021
4275	0.000021
4276	0.000141
4277	0.000021
4278	0.000021
4279	0.000021
4280	0.000021
4282	0.000021
4283	0.000021
4284	0.000021
4285	0.000021
4289	0.000188
4290	0.00033
4291	0.000021
4292	0.000021
4295	0.000021
4296	0.000021
4297	0.000251
4298	0.000263
4299	0.000404
4303	0.000024
4304	0.000021
4305	0.000021
4306	0.000021
4307	0.000021
4308	0.000021
4310	0.001237
4311	0.000033
4312	0.000021
4313	0.000021
4314	0.000021
4315	0.000266
4316	0.000021
4317	0.000021
4318	0.000021
4319	0.000021
4320	0.000021
4321	0.000021
4322	0.000021
4323	0.000162
4324	0.000021
4325	0.000021
4326	0.000021
4327	0.000021
4328	0.000021
4329	0.000021
4331	0.000049
4332	0.000041
4333	0.000021
4334	0.000021
4335	0.001533
4336	0.000021
4337	0.000021
4338	0.0003
4340	0.000021
4341	0.000156
4342	0.000021
4343	0.000021
4344	0.000021
4345	0.000021
4346	0.000021
4347	0.000021
4348	0.000021
4349	0.000608
4351	0.000078
4352	0.000021
4353	0.000021
4354	0.000021
4355	0.000092
4357	0.000021
4358	0.000021
4359	0.00003
4360	0.000021
4361	0.000461
4362	0.000021
4363	0.000021
4364	0.000021
4365	0.00032
4366	0.000021
4368	0.000021
4369	0.000021
4370	0.000021
4371	0.000021
4372	0.000021
4373	0.000338
4375	0.000021
4377	0.000021
4378	0.000021
4379	0.000021
4380	0.000021
4381	0.000021
4382	0.000021
4383	0.000021
4384	0.000321
4385	0.000069
4386	0.000058
4389	0.000022
4393	0.000021
4394	0.000021
4395	0.000021
4396	0.000021
4397	0.000021
4398	0.000021
4399	0.000021
4400	0.000861
4401	0.000305
4402	0.000827
4403	0.000053
4404	0.000021
4405	0.000021
4406	0.000021
4407	0.000021
4408	0.000021
4409	0.000021
4411	0.000041
4412	0.000118
4413	0.000023
4414	0.000021
4415	0.000021
4416	0.000021
4417	0.000231
4418	0.000021
4422	0.000131
4423	0.000021
4424	0.000305
4425	0.000021
4426	0.000021
4427	0.000021
4428	0.000021
4429	0.000021
4430	0.000021
4431	0.000021
4432	0.000264
4433	0.000021
4434	0.000021
4435	0.000357
4436	0.000021
4437	0.000021
4438	0.000021
4439	0.000021
4440	0.000021
4441	0.000099
4442	0.000021
4443	0.000021
4444	0.000021
4445	0.000021
4446	0.000021
4447	0.000021
4448	0.000431
4449	0.000021
4450	0.000021
4451	0.000021
4452	0.000021
4453	0.000203
4454	0.000021
4455	0.000021
4456	0.000021
4457	0.000021
4458	0.000021
4459	0.000021
4460	0.000021
4461	0.000021
4462	0.000021
4463	0.000367
4464	0.000021
4465	0.000021
4466	0.000067
4467	0.000021
4468	0.000109
4469	0.000021
4470	0.000021
4471	0.000052
4473	0.000021
4474	0.000021
4475	0.000021
4476	0.000021
4477	0.000021
4478	0.000021
4479	0.000021
4480	0.000226
4481	0.000024
4482	0.000099
4483	0.000314
4485	0.000433
4486	0.000021
4487	0.000021
4488	0.000204
4489	0.000021
4490	0.000021
4491	0.000021
4492	0.000021
4493	0.000021
4494	0.000021
4495	0.000021
4496	0.000021
4497	0.000021
4498	0.000021
4500	0.000192
4502	0.000021
4503	0.000021
4504	0.000021
4507	0.000245
4508	0.000021
4509	0.000021
4510	0.000439
4511	0.000021
4516	0.000021
4521	0.000021
4523	0.000021
4524	0.000021
4526	0.000021
4527	0.000163
4528	0.000281
4529	0.000139
4530	0.000401
4531	0.000656
4532	0.000021
4533	0.000021
4534	0.000353
4535	0.000021
4536	0.000798
4538	0.000021
4539	0.000022
4540	0.000021
4541	0.000039
4542	0.000021
4543	0.000021
4544	0.000032
4545	0.000021
4547	0.000215
4550	0.000028
4551	0.000247
4552	0.000084
4553	0.000021
4554	0.000021
4555	0.000021
4556	0.000021
4557	0.000469
4558	0.00018
4560	0.000021
4561	0.000117
4562	0.000089
4563	0.000021
4564	0.000021
4565	0.000021
4566	0.000021
4567	0.000021
4568	0.000021
4569	0.000021
4574	0.000313
4575	0.000021
4576	0.000021
4577	0.000021
4578	0.000455
4580	0.000027
4581	0.000021
4582	0.000021
4583	0.000067
4584	0.000062
4586	0.000021
4587	0.00033
4588	0.000188
4591	0.000021
4592	0.000021
4593	0.000021
4594	0.000021
4595	0.000021
4596	0.000021
4597	0.000021
4598	0.000021
4599	0.000021
4600	0.000866
4601	0.000021
4602	0.000021
4603	0.000021
4604	0.000178
4605	0.000083
4607	0.000021
4608	0.000021
4609	0.000021
4611	0.000021
4612	0.000021
4613	0.000142
4615	0.000021
4616	0.000021
4617	0.000021
4618	0.000021
4619	0.000021
4620	0.000065
4621	0.000046
4622	0.000021
4623	0.000021
4624	0.000021
4625	0.000086
4626	0.000021
4627	0.000021
4629	0.000021
4630	0.000021
4631	0.000065
4632	0.00031
4633	0.000021
4635	0.000021
4636	0.000021
4638	0.000021
4639	0.000048
4640	0.000021
4641	0.000021
4644	0.000021
4645	0.000217
4646	0.000327
4647	0.000021
4648	0.000063
4649	0.000021
4650	0.000034
4651	0.000021
4652	0.000021
4653	0.000584
4654	0.00034
4655	0.000021
4658	0.000107
4659	0.000021
4660	0.000021
4661	0.000861
4662	0.00025
4663	0.000021
4664	0.000021
4665	0.000021
4666	0.000935
4667	0.000021
4668	0.000021
4669	0.000021
4670	0.000021
4671	0.000021
4672	0.000021
4673	0.000021
4674	0.000021
4675	0.000021
4677	0.000148
4678	0.000075
4681	0.000021
4682	0.000021
4683	0.000021
4684	0.000028
4686	0.000021
4687	0.001037
4688	0.000021
4689	0.000257
4692	0.000021
4693	0.000021
4694	0.000021
4695	0.000021
4696	0.000021
4697	0.000021
4698	0.000021
4699	0.000021
4700	0.000021
4701	0.000021
4702	0.000021
4703	0.000021
4704	0.000021
4705	0.000021
4706	0.000223
4707	0.000021
4708	0.000021
4709	0.000685
4710	0.000021
4711	0.000021
4712	0.00111
4713	0.000255
4714	0.000021
4715	0.000232
4716	0.000021
4717	0.000375
4718	0.000021
4719	0.000374
4720	0.000021
4721	0.000021
4723	0.000021
4725	0.000021
4726	0.000021
4727	0.000021
4728	0.000104
4733	0.000021
4735	0.001284
4736	0.000021
4737	0.000021
4738	0.000021
4739	0.000021
4740	0.000021
4741	0.000021
4742	0.000021
4743	0.000021
4744	0.000021
4745	0.000021
4746	0.000021
4748	0.000182
4749	0.000021
4750	0.000021
4751	0.000021
4752	0.000021
4753	0.000021
4754	0.000021
4755	0.000021
4756	0.000021
4757	0.000021
4759	0.000021
4760	0.000021
4761	0.000021
4762	0.000021
4763	0.000021
4764	0.000143
4765	0.000021
4766	0.000021
4767	0.000021
4771	0.000021
4773	0.000021
4774	0.000021
4776	0.000071
4777	0.000211
4778	0.000261
4779	0.00004
4780	0.000212
4781	0.000426
4782	0.000021
4783	0.000029
4785	0.000021
4786	0.000123
4787	0.000021
4788	0.000021
4789	0.000021
4790	0.000021
4791	0.000304
4792	0.00054
4793	0.000021
4794	0.000021
4795	0.000467
4796	0.001047
4797	0.000167
4798	0.000432
4799	0.000021
4800	0.000021
4801	0.000021
4803	0.000021
4804	0.000021
4805	0.000021
4806	0.000021
4807	0.000021
4808	0.000264
4809	0.00003
4810	0.000021
4811	0.000355
4813	0.000021
4814	0.000123
4815	0.000033
4816	0.000021
4817	0.000021
4818	0.000021
4819	0.000021
4820	0.000217
4821	0.000021
4822	0.000036
4823	0.000021
4824	0.00032
4825	0.000021
4826	0.000021
4827	0.000469
4828	0.000832
4829	0.000021
4830	0.000021
4831	0.000069
4832	0.000021
4833	0.000021
4834	0.000021
4835	0.000021
4836	0.000021
4837	0.000021
4838	0.000021
4839	0.000021
4840	0.000021
4841	0.000021
4842	0.000021
4843	0.000021
4844	0.000021
4845	0.000021
4846	0.000353
4847	0.000021
4848	0.000021
4849	0.000021
4850	0.000021
4851	0.000021
4852	0.000021
4853	0.000021
4854	0.000021
4855	0.000021
4856	0.000021
4857	0.000021
4858	0.000021
4859	0.000021
4860	0.000021
4861	0.000021
4862	0.000021
4863	0.000021
4864	0.000021
4866	0.000038
4867	0.000021
4868	0.000021
4869	0.000021
4870	0.000021
4871	0.000021
4872	0.000021
4873	0.000021
4874	0.000021
4875	0.001296
4876	0.000068
4879	0.000055
4880	0.000023
4881	0.000021
4882	0.000021
4883	0.000021
4884	0.000306
4885	0.000021
4886	0.000162
4887	0.000028
4889	0.000021
4890	0.000021
4891	0.000021
4893	0.000021
4894	0.000021
4896	0.000021
4897	0.000021
4898	0.000021
4899	0.000141
4900	0.000021
4901	0.000021
4903	0.000021
4904	0.000021
4905	0.000021
4906	0.000021
4908	0.000021
4909	0.000021
4910	0.000021
4911	0.000021
4912	0.000021
4913	0.000021
4914	0.000021
4915	0.000021
4916	0.000021
4917	0.000021
4918	0.000021
4919	0.000021
4920	0.000021
4921	0.000021
4922	0.000021
4923	0.000021
4924	0.000021
4925	0.000021
4926	0.000021
4927	0.000021
4929	0.000165
4931	0.000021
4932	0.000021
4933	0.000021
4934	0.000049
4935	0.000021
4936	0.000021
4937	0.000021
4938	0.000148
4940	0.000483
4942	0.000032
4943	0.000021
4944	0.00015
4945	0.000021
4946	0.000028
4947	0.000021
4948	0.000021
4950	0.000021
4951	0.000021
4952	0.000021
4953	0.000239
4954	0.000034
4957	0.000021
4960	0.000021
4962	0.00025
4963	0.000021
4964	0.000276
4965	0.000021
4966	0.000065
4967	0.000021
4969	0.000021
4970	0.000021
4971	0.000021
4972	0.000021
4973	0.000021
4974	0.000021
4975	0.000021
4976	0.000021
4977	0.000174
4978	0.000021
4979	0.000021
4980	0.000304
4981	0.000794
4982	0.000021
4983	0.000864
4985	0.000021
4986	0.000301
4987	0.000186
4988	0.000021
4989	0.000021
4991	0.000031
4992	0.000068
4993	0.000073
4994	0.000208
4995	0.000021
4996	0.000021
4999	0.000412
5000	0.000021
5001	0.000021
5002	0.000654
5003	0.000021
5005	0.000021
5006	0.000021
5008	0.000021
5009	0.000021
5010	0.000021
5011	0.000021
5012	0.000177
5013	0.000021
5015	0.000021
5016	0.000021
5017	0.000021
5018	0.000021
5019	0.000021
5020	0.000526
5022	0.000883
5024	0.000021
5026	0.000257
5028	0.000404
5029	0.000021
5031	0.000021
5032	0.000021
5033	0.000097
5035	0.000021
5036	0.000021
5037	0.000397
5038	0.000021
5039	0.000021
5040	0.000021
5043	0.000068
5044	0.000048
5045	0.000062
5046	0.000021
5047	0.000021
5048	0.000021
5050	0.000021
5051	0.000021
5052	0.000021
5053	0.000021
5054	0.000021
5055	0.000689
5057	0.000021
5058	0.000108
5059	0.000021
5060	0.000021
5061	0.000343
5062	0.000021
5063	0.000021
5064	0.000257
5065	0.000021
5067	0.000021
5068	0.000021
5069	0.000021
5070	0.000021
5071	0.000021
5072	0.000347
5073	0.000331
5075	0.000033
5077	0.000021
5078	0.000021
5079	0.001085
5080	0.000021
5081	0.000021
5083	0.000304
5084	0.000021
5085	0.000021
5086	0.000021
5087	0.000021
5088	0.000021
5089	0.000021
5090	0.000021
5091	0.000021
5092	0.000228
5093	0.000021
5095	0.000021
5096	0.000285
5097	0.000021
5098	0.000021
5099	0.000021
5100	0.000363
5102	0.000021
5103	0.000237
5104	0.000021
5105	0.000021
5106	0.000361
5109	0.000021
5110	0.000021
5111	0.000021
5112	0.000021
5114	0.000021
5115	0.000048
5116	0.000021
5117	0.000021
5118	0.000021
5119	0.000021
5120	0.000054
5121	0.000306
5122	0.000021
5123	0.000967
5124	0.000021
5125	0.000021
5126	0.000021
5127	0.000021
5128	0.000021
5129	0.000021
5130	0.00032
5132	0.000067
5133	0.000035
5135	0.000021
5136	0.000021
5138	0.000021
5139	0.000021
5140	0.00014
5141	0.000077
5142	0.000021
5143	0.000021
5144	0.000412
5145	0.000025
5146	0.000064
5148	0.000333
5150	0.000021
5151	0.000021
5152	0.000021
5153	0.000021
5154	0.000021
5155	0.000161
5158	0.000021
5159	0.000021
5160	0.000021
5161	0.000021
5162	0.000444
5163	0.000021
5164	0.000021
5166	0.000021
5167	0.000021
5171	0.000021
5172	0.000021
5173	0.000021
5174	0.000021
5175	0.000021
5176	0.000179
5177	0.000022
5178	0.000552
5179	0.00066
5180	0.000021
5181	0.000021
5182	0.000228
5183	0.000021
5184	0.000021
5185	0.000021
5186	0.000021
5187	0.000021
5188	0.00029
5189	0.000351
5190	0.000021
5191	0.000021
5192	0.000021
5193	0.000021
5194	0.000021
5195	0.000021
5196	0.000021
5197	0.000021
5198	0.000021
5199	0.000341
5200	0.000849
5201	0.000021
5202	0.000021
5203	0.000021
5204	0.000329
5207	0.000021
5208	0.000066
5209	0.000021
5210	0.000979
5213	0.000021
5214	0.000021
5215	0.000202
5216	0.000021
5217	0.000021
5218	0.000021
5219	0.000021
5220	0.000021
5221	0.000021
5222	0.000249
5224	0.000021
5225	0.000021
5226	0.000974
5227	0.000021
5228	0.000021
5229	0.000021
5230	0.000021
5231	0.000154
5232	0.000021
5233	0.001104
5238	0.000021
5239	0.000209
5240	0.000037
5241	0.000021
5242	0.000021
5243	0.000021
5244	0.000021
5245	0.000142
5246	0.000184
5247	0.000021
5248	0.000021
5249	0.000021
5250	0.000021
5251	0.000021
5252	0.000021
5253	0.000066
5254	0.001644
5255	0.000072
5260	0.000047
5261	0.000021
5262	0.00036
5263	0.000273
5264	0.000021
5265	0.000021
5267	0.000028
5269	0.000021
5271	0.000049
5273	0.000326
5274	0.000146
5275	0.000021
5276	0.000021
5277	0.000021
5278	0.000021
5280	0.000021
5281	0.000021
5282	0.000021
5283	0.000021
5284	0.000021
5285	0.000354
5286	0.000021
5287	0.000021
5288	0.000591
5289	0.000317
5290	0.000021
5291	0.000021
5294	0.000021
5295	0.000217
5296	0.00004
5298	0.000056
5299	0.000021
5300	0.000021
5301	0.000381
5303	0.000028
5305	0.000295
5306	0.000033
5308	0.000074
5309	0.000045
5310	0.000028
5311	0.000066
5312	0.000051
5313	0.000021
5314	0.000021
5315	0.000021
5316	0.000021
5317	0.000021
5320	0.000021
5321	0.000514
5322	0.000021
5323	0.000116
5324	0.000021
5326	0.000073
5327	0.000188
5328	0.000021
5329	0.000021
5330	0.000021
5332	0.000021
5333	0.000021
5334	0.000021
5335	0.000349
5336	0.000021
5337	0.000021
5339	0.000021
5341	0.000285
5342	0.000021
5343	0.000021
5344	0.000021
5345	0.000021
5346	0.000021
5347	0.000021
5348	0.000021
5350	0.000049
5351	0.000033
5352	0.000021
5353	0.000021
5354	0.000051
5355	0.000021
5356	0.000021
5357	0.000021
5358	0.000021
5360	0.000021
5361	0.000021
5362	0.000025
5363	0.000047
5364	0.000039
5365	0.000021
5366	0.000021
5367	0.000021
5368	0.000032
5370	0.000021
5371	0.000021
5372	0.000021
5373	0.000021
5374	0.000021
5375	0.000211
5376	0.000021
5377	0.000021
5378	0.000397
5380	0.000021
5381	0.000021
5382	0.000021
5384	0.000187
5385	0.000021
5386	0.000021
5387	0.000165
5388	0.000027
5390	0.000021
5391	0.000021
5392	0.000164
5393	0.000107
5395	0.000021
5396	0.000021
5397	0.000021
5398	0.000021
5399	0.000021
5400	0.000021
5401	0.000021
5404	0.001242
5405	0.000021
5406	0.000063
5410	0.000021
5412	0.001581
5413	0.000021
5414	0.000039
5415	0.000195
5416	0.000021
5417	0.00008
5418	0.000021
5419	0.000021
5421	0.000156
5422	0.000021
5423	0.001509
5424	0.000021
5426	0.000032
5427	0.000021
5428	0.000021
5429	0.000021
5430	0.000222
5431	0.000021
5432	0.000259
5434	0.00003
5435	0.000021
5436	0.000021
5437	0.000127
5438	0.000021
5439	0.000197
5440	0.000021
5442	0.000025
5445	0.000771
5446	0.000021
5447	0.000021
5448	0.000021
5449	0.000365
5452	0.000443
5454	0.000212
5455	0.000021
5456	0.000021
5457	0.000207
5459	0.000769
5460	0.000021
5461	0.000021
5462	0.000021
5463	0.000232
5465	0.000201
5466	0.000273
5467	0.00004
5468	0.000021
5469	0.000028
5470	0.000033
5471	0.000023
5472	0.000021
5473	0.000021
5474	0.000021
5475	0.000021
5476	0.000021
5477	0.000021
5478	0.000021
5479	0.000777
5480	0.000021
5481	0.000034
5482	0.000417
5483	0.000021
5484	0.001168
5485	0.000021
5486	0.000021
5487	0.000131
5488	0.000021
5489	0.000021
5490	0.000021
5491	0.000021
5494	0.000021
5495	0.000021
5496	0.000021
5497	0.000021
5499	0.000198
5500	0.000102
5501	0.000021
5503	0.000022
5504	0.000021
5505	0.000021
5506	0.000198
5507	0.000021
5508	0.000021
5509	0.000184
5510	0.000021
5511	0.000149
5512	0.000021
5513	0.000057
5514	0.000034
5515	0.000021
5516	0.000021
5517	0.000021
5518	0.000021
5519	0.000021
5520	0.000021
5521	0.000021
5522	0.000021
5523	0.000021
5524	0.000635
5525	0.000021
5526	0.000021
5527	0.000257
5528	0.000021
5529	0.000396
5530	0.000021
5531	0.000021
5532	0.000021
5533	0.000025
5534	0.000021
5535	0.000021
5536	0.000021
5537	0.000021
5539	0.000086
5540	0.000021
5541	0.000021
5542	0.000021
5543	0.000791
5544	0.000021
5545	0.000358
5548	0.000021
5549	0.000021
5550	0.000021
5551	0.000021
5552	0.000021
5553	0.000021
5554	0.000021
5555	0.000021
5558	0.000021
5559	0.000093
5561	0.000021
5562	0.000021
5563	0.000611
5564	0.000046
5565	0.000021
5566	0.000021
5567	0.000021
5568	0.000166
5569	0.000037
5570	0.000031
5571	0.000021
5572	0.000021
5573	0.000021
5576	0.000021
5577	0.000021
5578	0.000021
5579	0.000021
5580	0.000021
5581	0.000021
5582	0.000167
5583	0.000021
5584	0.000188
5587	0.000021
5588	0.000061
5589	0.000021
5590	0.000021
5591	0.000021
5592	0.000155
5594	0.000021
5595	0.000021
5596	0.000433
5598	0.000021
5599	0.000021
5600	0.000021
5601	0.000021
5602	0.000021
5603	0.000021
5604	0.000021
5605	0.000693
5606	0.000021
5607	0.000021
5608	0.000021
5609	0.000021
5610	0.000021
5611	0.000021
5612	0.000021
5613	0.000021
5614	0.000118
5615	0.000021
5616	0.000021
5617	0.000021
5620	0.000091
5622	0.000021
5623	0.000107
5624	0.000363
5625	0.000021
5626	0.000126
5627	0.000021
5628	0.000021
5629	0.000021
5630	0.000052
5631	0.000026
5633	0.000021
5635	0.000054
5636	0.000021
5637	0.00013
5638	0.000164
5639	0.000065
5640	0.000141
5643	0.000059
5644	0.000021
5645	0.000021
5646	0.000021
5647	0.000021
5648	0.000021
5649	0.000021
5650	0.000122
5651	0.00015
5652	0.000021
5653	0.000021
5655	0.000087
5656	0.000021
5657	0.000021
5658	0.000021
5659	0.000021
5660	0.000021
5661	0.000021
5662	0.000021
5663	0.000038
5664	0.000042
5665	0.000027
5666	0.000021
5667	0.000021
5668	0.000021
5669	0.000021
5670	0.000021
5671	0.000437
5673	0.000027
5674	0.000021
5675	0.000021
5676	0.000021
5678	0.000021
5679	0.000039
5680	0.000281
5682	0.000021
5683	0.000387
5684	0.000311
5685	0.000021
5686	0.000021
5687	0.000021
5688	0.000021
5689	0.000021
5690	0.000021
5691	0.000021
5692	0.000021
5693	0.000734
5694	0.000153
5695	0.000021
5696	0.000021
5697	0.000553
5698	0.000021
5702	0.000021
5703	0.000021
5704	0.000021
5705	0.000077
5706	0.000033
5707	0.000021
5708	0.000021
5709	0.00006
5710	0.000021
5711	0.000021
5712	0.000021
5713	0.000049
5714	0.00054
5717	0.000021
5718	0.000021
5720	0.000021
5721	0.000179
5722	0.000021
5726	0.000022
5729	0.000021
5730	0.000021
5731	0.000021
5732	0.000144
5733	0.000021
5735	0.000021
5737	0.000149
5738	0.00037
5739	0.000354
5740	0.000033
5741	0.000021
5743	0.000334
5744	0.000021
5745	0.000141
5746	0.000021
5747	0.000021
5748	0.000021
5749	0.000021
5750	0.000021
5751	0.000021
5752	0.000021
5753	0.000182
5754	0.000029
5755	0.000021
5756	0.000079
5757	0.000071
5760	0.000484
5761	0.000021
5763	0.000021
5764	0.000021
5765	0.000021
5766	0.000021
5767	0.000039
5768	0.000021
5769	0.000021
5770	0.000021
5771	0.000021
5772	0.000113
5773	0.00045
5774	0.000021
5775	0.000235
5776	0.000174
5778	0.000038
5780	0.000271
5781	0.000021
5782	0.000032
5783	0.000021
5784	0.000075
5785	0.000021
5786	0.000021
5787	0.000021
5788	0.000021
5789	0.000021
5790	0.000144
5792	0.000027
5793	0.000096
5794	0.000021
5796	0.000021
5797	0.000021
5798	0.000239
5799	0.000282
5800	0.00068
5801	0.000065
5802	0.000155
5803	0.000021
5804	0.000274
5805	0.000021
5806	0.000542
5807	0.000307
5808	0.000021
5809	0.000058
5810	0.000021
5811	0.000282
5812	0.000277
5813	0.000021
5814	0.000631
5815	0.000021
5816	0.000021
5817	0.000365
5818	0.000477
5819	0.000395
5820	0.000021
5821	0.000021
5822	0.000446
5823	0.000021
5824	0.00023
5827	0.000199
5828	0.000369
5829	0.000391
5830	0.000084
5832	0.000032
5833	0.000021
5834	0.000021
5835	0.000107
5836	0.000021
5837	0.000081
5838	0.000045
5839	0.000751
5840	0.000021
5841	0.000021
5842	0.000021
5844	0.000223
5846	0.000021
5848	0.000294
5850	0.000219
5852	0.000021
5853	0.000021
5854	0.000021
5855	0.000021
5856	0.000021
5857	0.000021
5859	0.000021
5860	0.000064
5861	0.000021
5862	0.000021
5863	0.000182
5864	0.000021
5866	0.000021
5868	0.000021
5871	0.000582
5872	0.000409
5873	0.000021
5874	0.000021
5875	0.000021
5876	0.000021
5877	0.000021
5878	0.000021
5880	0.000034
5882	0.000025
5883	0.000021
5884	0.000021
5885	0.000021
5886	0.000372
5887	0.000075
5888	0.000021
5889	0.000021
5890	0.000021
5891	0.000314
5892	0.000021
5895	0.000021
5896	0.000021
5897	0.000373
5899	0.000021
5902	0.0004
5903	0.000021
5907	0.000021
5908	0.000021
5909	0.000021
5910	0.000021
5911	0.000021
5913	0.000021
5914	0.000021
5915	0.000021
5916	0.000021
5917	0.000021
5919	0.000021
5920	0.000021
5921	0.000021
5922	0.000179
5923	0.000021
5924	0.000021
5925	0.000346
5926	0.000049
5927	0.000021
5928	0.00019
5930	0.000021
5931	0.000049
5932	0.000144
5933	0.000084
5934	0.000021
5935	0.000021
5936	0.000222
5937	0.000021
5938	0.000021
5939	0.000021
5940	0.000021
5941	0.000021
5942	0.000021
5943	0.000021
5944	0.000021
5945	0.000021
5946	0.000021
5947	0.000299
5949	0.000021
5950	0.000184
5952	0.000021
5955	0.000029
5956	0.000034
5958	0.000021
5959	0.000021
5960	0.000021
5961	0.000021
5962	0.000021
5963	0.000582
5964	0.000021
5965	0.000021
5966	0.000021
5967	0.000021
5969	0.000205
5970	0.000021
5971	0.000039
5972	0.000066
5973	0.000185
5977	0.000048
5978	0.000021
5980	0.000106
5981	0.000021
5982	0.000021
5983	0.000021
5984	0.000021
5985	0.000021
5986	0.000021
5987	0.000021
5988	0.000021
5989	0.000021
5990	0.000021
5991	0.00008
5992	0.000021
5993	0.000021
5994	0.000172
5995	0.000021
5997	0.000021
5998	0.000189
5999	0.000021
6000	0.00028
6001	0.000301
6002	0.000021
6003	0.000021
6004	0.000728
6005	0.000021
6006	0.000816
6007	0.000021
6009	0.000067
6010	0.000028
6013	0.000021
6014	0.000021
6015	0.000021
6016	0.000021
6017	0.000021
6018	0.000021
6019	0.000021
6020	0.000021
6021	0.000086
6022	0.000021
6023	0.00015
6024	0.000021
6025	0.000039
6026	0.000021
6027	0.000048
6028	0.000021
6029	0.000176
6030	0.000021
6031	0.000021
6032	0.000309
6033	0.000021
6034	0.000021
6035	0.000021
6036	0.000021
6037	0.000021
6038	0.000021
6039	0.000021
6041	0.000039
6042	0.000021
6043	0.000234
6044	0.000684
6045	0.000021
6046	0.000021
6047	0.00004
6048	0.000021
6049	0.000021
6050	0.000021
6051	0.000021
6052	0.000021
6053	0.000021
6054	0.000028
6055	0.000025
6056	0.000021
6057	0.000021
6058	0.000021
6059	0.000117
6060	0.000021
6061	0.000021
6062	0.000021
6063	0.000021
6064	0.000021
6066	0.000021
6067	0.000021
6068	0.000021
6069	0.000021
6070	0.000021
6071	0.000021
6072	0.000021
6073	0.000021
6074	0.000021
6075	0.000021
6077	0.000021
6078	0.00009
6079	0.000021
6080	0.000056
6081	0.000021
6082	0.000021
6083	0.000039
6088	0.000139
6089	0.000021
6090	0.000039
6091	0.000021
6092	0.000021
6093	0.000021
6094	0.000182
6096	0.000041
6097	0.000209
6098	0.000281
6100	0.000021
6101	0.000039
6105	0.000038
6106	0.000037
6107	0.000024
6108	0.000021
6109	0.000033
6110	0.000033
6111	0.000042
6112	0.000021
6113	0.000021
6114	0.000021
6116	0.000021
6118	0.000021
6119	0.000021
6120	0.000021
6121	0.000021
6123	0.000682
6124	0.000828
6126	0.000021
6127	0.000021
6128	0.000021
6129	0.000021
6130	0.00003
6132	0.000021
6133	0.000021
6134	0.000021
6135	0.000021
6139	0.000021
6141	0.000021
6142	0.000021
6143	0.000021
6144	0.000021
6145	0.000021
6146	0.000021
6147	0.000021
6148	0.000522
6149	0.000027
6150	0.000021
6151	0.00022
6152	0.000021
6153	0.000021
6155	0.000021
6156	0.000432
6157	0.000021
6158	0.000021
6160	0.000021
6161	0.000122
6162	0.000039
6164	0.000048
6165	0.000021
6166	0.000118
6168	0.000021
6169	0.000021
6170	0.000115
6174	0.000287
6175	0.000021
6176	0.000021
6177	0.000021
6178	0.000021
6179	0.000021
6180	0.000021
6181	0.000021
6182	0.000021
6183	0.000021
6184	0.000021
6185	0.000021
6186	0.000021
6187	0.000021
6188	0.000021
6190	0.000021
6191	0.000021
6192	0.000021
6193	0.000021
6196	0.000021
6197	0.000021
6198	0.000079
6199	0.000021
6200	0.000021
6201	0.000021
6202	0.000021
6203	0.000021
6204	0.000021
6205	0.000021
6206	0.000021
6207	0.000021
6208	0.000021
6212	0.000021
6213	0.000021
6214	0.000021
6215	0.000021
6216	0.000021
6217	0.000021
6218	0.000297
6219	0.000021
6220	0.000021
6221	0.000245
6222	0.000021
6223	0.000021
6224	0.000021
6225	0.000024
6226	0.000037
6227	0.000211
6228	0.000021
6229	0.000625
6230	0.000021
6232	0.000021
6235	0.00003
6236	0.000021
6239	0.000021
6240	0.000021
6241	0.000114
6242	0.000021
6243	0.000275
6244	0.000021
6245	0.000021
6246	0.000246
6247	0.000021
6248	0.000021
6251	0.000173
6252	0.000021
6253	0.000021
6254	0.000021
6255	0.00021
6257	0.000029
6258	0.000021
6259	0.000039
6261	0.000061
6262	0.000216
6263	0.000021
6264	0.000021
6265	0.000021
6266	0.000021
6267	0.000039
6269	0.000041
6270	0.000218
6271	0.000021
6272	0.000246
6273	0.000021
6274	0.000021
6275	0.000021
6276	0.000021
6278	0.000036
6279	0.000023
6280	0.000063
6281	0.000021
6282	0.000021
6286	0.000021
6287	0.000021
6288	0.000021
6291	0.000021
6292	0.000021
6293	0.000021
6294	0.000021
6295	0.000021
6296	0.000302
6297	0.000021
6298	0.000021
6299	0.000742
6301	0.000021
6302	0.000064
6304	0.000021
6305	0.000247
6306	0.000253
6307	0.000033
6311	0.000049
6312	0.000021
6313	0.000021
6314	0.000021
6315	0.000021
6316	0.000021
6317	0.000021
6319	0.000021
6320	0.000173
6321	0.000029
6323	0.000325
6324	0.000021
6325	0.000021
6326	0.000021
6327	0.000645
6328	0.000293
6330	0.0005
6331	0.000021
6332	0.000021
6333	0.000021
6334	0.000749
6337	0.000319
6339	0.000021
6340	0.000035
6344	0.000027
6346	0.000021
6347	0.000451
6348	0.000021
6349	0.000021
6350	0.000021
6351	0.000021
6355	0.000021
6356	0.000021
6359	0.000021
6360	0.00006
6366	0.000021
6367	0.000021
6371	0.000021
6374	0.000021
6375	0.000021
6376	0.000025
6377	0.000021
6378	0.000021
6379	0.000021
6380	0.000021
6381	0.000021
6383	0.000021
6387	0.000021
6388	0.000344
6389	0.000021
6391	0.000021
6392	0.000021
6393	0.000021
6394	0.000021
6395	0.000021
6396	0.000021
6397	0.000021
6398	0.000021
6399	0.000021
6400	0.000313
6406	0.000021
6407	0.000167
6408	0.000021
6409	0.000097
6410	0.000021
6411	0.000021
6412	0.000021
6413	0.000021
6414	0.000652
6415	0.000021
6416	0.000021
6417	0.000393
6421	0.000056
6422	0.000344
6423	0.000021
6424	0.000187
6426	0.000021
6427	0.000068
6428	0.000021
6429	0.000021
6430	0.000021
6431	0.000021
6432	0.000269
6435	0.000065
6436	0.000021
6437	0.000246
6439	0.000021
6440	0.000021
6441	0.000238
6442	0.000316
6443	0.000021
6444	0.000021
6445	0.000021
6446	0.000021
6447	0.000085
6448	0.000021
6450	0.000021
6451	0.000021
6452	0.000021
6453	0.000021
6454	0.000021
6455	0.000021
6456	0.000021
6457	0.000021
6458	0.000443
6459	0.000021
6460	0.000021
6461	0.000021
6462	0.00007
6464	0.000036
6466	0.000021
6467	0.000021
6468	0.000021
6469	0.000021
6470	0.000021
6471	0.000021
6472	0.000089
6474	0.000096
6475	0.000023
6477	0.000021
6478	0.000021
6479	0.000021
6480	0.000021
6481	0.000469
6483	0.000021
6484	0.000021
6485	0.000021
6486	0.000021
6487	0.000021
6488	0.000021
6489	0.000021
6490	0.000021
6491	0.00005
6492	0.000021
6493	0.000021
6494	0.000021
6495	0.000021
6496	0.000469
6497	0.000021
6498	0.00033
6500	0.000021
6501	0.000135
6502	0.000021
6503	0.000231
6504	0.000021
6505	0.00018
6506	0.000021
6507	0.000021
6508	0.000021
6509	0.000021
6510	0.000021
6511	0.000115
6513	0.000021
6514	0.000021
6515	0.000021
6516	0.000021
6517	0.000021
6518	0.000021
6519	0.000021
6520	0.000021
6521	0.000021
6522	0.000021
6523	0.00044
6524	0.000021
6525	0.000021
6526	0.000021
6527	0.000021
6528	0.00013
6529	0.000045
6530	0.000055
6532	0.000084
6533	0.000021
6534	0.000021
6535	0.000021
6536	0.000021
6537	0.000021
6538	0.000021
6539	0.000021
6541	0.000021
6542	0.000021
6543	0.000053
6544	0.000021
6545	0.000021
6546	0.000021
6547	0.000021
6548	0.000021
6550	0.000021
6551	0.000021
6552	0.000101
6553	0.000077
6554	0.000246
6555	0.000691
6560	0.000697
6561	0.000021
6563	0.000021
6565	0.000021
6566	0.000306
6567	0.000074
6568	0.000048
6570	0.000112
6571	0.000104
6572	0.000021
6573	0.000021
6574	0.000021
6575	0.000021
6576	0.000219
6577	0.000021
6578	0.000021
6579	0.000021
6580	0.000021
6581	0.000021
6582	0.000021
6583	0.000021
6584	0.000021
6585	0.000021
6586	0.000021
6587	0.000021
6588	0.000021
6589	0.000089
6590	0.000032
6592	0.000027
6594	0.000132
6595	0.000117
6596	0.000216
6598	0.000021
6599	0.000248
6600	0.000383
6601	0.000021
6602	0.000021
6603	0.000021
6604	0.000021
6605	0.000021
6606	0.000113
6607	0.000021
6608	0.000021
6609	0.000021
6611	0.000022
6612	0.000021
6613	0.000245
6614	0.000021
6615	0.000021
6616	0.000021
6617	0.000021
6618	0.000518
6619	0.000021
6620	0.000021
6621	0.000061
6622	0.000021
6623	0.000025
6624	0.000255
6625	0.000021
6626	0.000021
6627	0.000021
6628	0.000179
6630	0.000021
6632	0.000095
6633	0.000021
6634	0.002299
6635	0.000021
6636	0.000021
6638	0.000021
6639	0.000021
6641	0.00005
6643	0.000021
6644	0.000021
6645	0.000021
6646	0.000021
6647	0.000021
6648	0.000021
6649	0.000021
6650	0.000021
6651	0.000021
6652	0.000021
6653	0.000021
6654	0.000021
6655	0.000021
6656	0.000021
6657	0.000021
6658	0.000021
6660	0.000021
6661	0.000062
6663	0.000069
6665	0.000492
6666	0.000021
6668	0.000049
6670	0.000077
6671	0.000021
6672	0.000021
6673	0.000021
6674	0.000021
6675	0.000021
6676	0.000021
6677	0.000021
6678	0.000021
6679	0.000021
6680	0.000027
6681	0.000022
6682	0.00021
6683	0.000021
6684	0.000021
6685	0.000069
6686	0.000069
6687	0.000021
6688	0.000021
6689	0.000021
6690	0.000021
6691	0.0001
6692	0.000021
6695	0.000021
6696	0.000021
6697	0.000021
6698	0.000021
6699	0.0002
6700	0.000082
6701	0.000021
6702	0.000021
6703	0.000021
6705	0.000021
6706	0.000021
6707	0.000118
6709	0.000126
6710	0.000021
6711	0.000021
6712	0.000128
6713	0.000021
6714	0.000263
6715	0.00038
6717	0.000021
6718	0.000021
6719	0.000021
6720	0.000207
6721	0.000029
6723	0.000056
6724	0.000041
6725	0.000162
6726	0.000021
6727	0.000021
6728	0.000021
6729	0.000021
6730	0.000021
6731	0.000021
6732	0.000021
6734	0.000021
6735	0.000021
6736	0.00022
6737	0.000168
6738	0.000021
6739	0.000608
6744	0.000021
6745	0.000021
6746	0.000021
6747	0.000021
6749	0.000021
6751	0.000021
6752	0.000021
6753	0.000021
6755	0.000118
6756	0.000025
6757	0.00003
6758	0.000021
6759	0.000091
6760	0.000021
6761	0.000021
6762	0.000101
6764	0.000021
6765	0.000259
6766	0.000021
6767	0.000021
6768	0.000021
6769	0.000033
6770	0.000357
6771	0.000021
6772	0.000057
6773	0.000021
6774	0.000994
6775	0.000021
6776	0.000021
6777	0.000035
6778	0.00003
6779	0.000021
6780	0.000423
6781	0.000021
6782	0.000021
6783	0.000157
6784	0.000747
6787	0.000021
6788	0.000072
6789	0.000266
6790	0.000376
6791	0.00003
6793	0.000021
6794	0.000021
6795	0.000021
6797	0.000021
6798	0.000021
6800	0.000021
6801	0.000021
6802	0.000021
6803	0.00009
6804	0.000021
6805	0.000062
6806	0.000031
6807	0.000021
6808	0.000021
6809	0.00007
6810	0.000021
6811	0.000021
6812	0.000021
6813	0.000058
6815	0.000021
6816	0.000021
6818	0.000021
6819	0.000021
6821	0.000021
6822	0.000021
6824	0.000021
6826	0.000026
6828	0.000021
6829	0.000021
6832	0.001631
6833	0.00057
6834	0.000021
6835	0.000021
6836	0.000021
6837	0.000021
6840	0.00017
6841	0.000021
6842	0.000021
6843	0.000021
6844	0.000021
6845	0.000021
6846	0.000021
6847	0.000021
6848	0.000021
6850	0.000185
6852	0.000021
6854	0.000021
6855	0.000312
6856	0.000021
6858	0.000024
6859	0.000021
6860	0.000233
6861	0.000021
6862	0.000021
6863	0.000021
6864	0.000021
6865	0.000021
6866	0.000021
6867	0.000021
6869	0.000329
6870	0.000021
6871	0.000025
6873	0.000112
6875	0.000291
6876	0.000021
6877	0.000021
6878	0.000021
6880	0.000021
6881	0.000021
6883	0.000021
6884	0.000021
6885	0.000021
6886	0.000021
6889	0.000021
6890	0.00005
6892	0.000055
6895	0.000021
6896	0.000021
6897	0.000188
6899	0.000021
6900	0.000021
6901	0.00016
6902	0.000021
6903	0.000021
6904	0.000039
6905	0.000021
6906	0.000021
6907	0.000448
6908	0.000021
6909	0.000021
6910	0.000021
6911	0.000021
6912	0.000021
6913	0.000594
6914	0.001046
6915	0.000021
6916	0.000021
6917	0.000051
6918	0.00025
6920	0.000048
6921	0.000021
6922	0.000021
6923	0.000052
6924	0.000089
6926	0.000021
6927	0.000021
6928	0.000021
6929	0.000021
6930	0.000344
6933	0.000056
6934	0.00028
6935	0.000021
6936	0.000021
6938	0.000047
6940	0.000021
6941	0.000021
6942	0.000069
6943	0.000021
6945	0.000078
6946	0.00141
6947	0.000021
6948	0.000167
6949	0.000021
6950	0.000036
6951	0.000028
6953	0.000121
6954	0.000021
6955	0.000332
6958	0.000021
6959	0.000021
6960	0.000021
6961	0.000021
6962	0.000021
6963	0.000021
6965	0.000025
6967	0.000034
6968	0.000021
6969	0.000021
6971	0.000021
6972	0.000021
6974	0.000021
6975	0.000021
6976	0.000246
6978	0.000021
6979	0.000544
6980	0.000429
6981	0.000021
6982	0.000086
6983	0.000066
6984	0.000021
6985	0.000021
6986	0.000021
6987	0.000024
6990	0.000021
6991	0.000021
6993	0.000243
6994	0.000168
6995	0.000021
6996	0.000021
6997	0.000045
6998	0.000021
6999	0.000021
7000	0.000021
7001	0.000021
7002	0.000021
7003	0.000021
7004	0.000021
7005	0.000316
7006	0.000021
7007	0.000021
7008	0.000021
7009	0.000021
7010	0.000021
7011	0.000021
7012	0.000355
7013	0.000021
7014	0.000021
7015	0.000021
7016	0.000021
7017	0.000021
7018	0.000021
7019	0.000021
7020	0.000021
7021	0.000666
7022	0.000021
7023	0.000072
7024	0.000021
7025	0.000021
7026	0.000021
7027	0.000021
7028	0.000021
7029	0.000021
7030	0.000021
7031	0.000021
7032	0.000021
7033	0.000057
7034	0.000021
7035	0.000021
7036	0.000021
7037	0.000021
7038	0.000021
7040	0.000143
7041	0.000021
7042	0.000041
7043	0.000021
7044	0.000021
7045	0.000021
7046	0.000021
7047	0.000204
7048	0.000021
7049	0.000021
7050	0.000324
7051	0.000021
7052	0.000375
7053	0.000021
7054	0.000203
7055	0.000021
7056	0.000021
7057	0.000021
7059	0.000126
7060	0.000037
7061	0.000021
7062	0.000023
7063	0.00042
7064	0.000021
7065	0.000021
7070	0.000021
7071	0.000021
7072	0.000021
7073	0.000188
7074	0.000075
7079	0.000021
7080	0.000021
7082	0.000021
7084	0.000021
7085	0.000021
7086	0.000021
7087	0.000021
7088	0.000141
7089	0.000021
7090	0.000021
7092	0.001401
7094	0.000148
7095	0.000021
7096	0.000021
7098	0.000021
7099	0.000021
7100	0.000021
7101	0.000201
7103	0.000021
7104	0.000021
7106	0.000021
7107	0.000021
7108	0.000324
7109	0.000021
7110	0.000042
7111	0.000021
7112	0.000021
7113	0.000021
7114	0.000021
7115	0.000515
7116	0.000239
7117	0.000021
7118	0.000021
7119	0.000194
7120	0.00021
7121	0.000021
7122	0.000021
7123	0.000021
7124	0.000021
7125	0.000021
7126	0.000021
7127	0.000021
7128	0.000021
7129	0.000021
7130	0.000021
7131	0.000459
7132	0.000021
7133	0.000021
7134	0.000021
7135	0.000021
7136	0.000021
7137	0.000021
7138	0.000021
7139	0.000021
7140	0.000021
7142	0.000021
7143	0.000187
7144	0.000312
7145	0.000021
7146	0.000071
7149	0.000054
7150	0.000021
7151	0.000021
7153	0.000021
7154	0.000021
7155	0.000021
7156	0.000021
7157	0.000021
7158	0.000021
7159	0.000021
7160	0.000021
7161	0.000041
7162	0.00007
7163	0.000021
7164	0.000021
7165	0.000021
7166	0.000021
7167	0.000021
7168	0.000299
7170	0.000021
7171	0.000021
7172	0.000021
7173	0.000021
7174	0.000021
7175	0.000021
7176	0.000021
7177	0.000021
7178	0.000021
7179	0.000021
7180	0.000021
7181	0.000021
7183	0.000021
7184	0.000021
7185	0.000171
7186	0.000051
7187	0.000021
7188	0.000021
7189	0.000021
7190	0.000021
7191	0.000039
7192	0.000021
7193	0.000021
7194	0.000021
7195	0.000039
7197	0.000021
7198	0.000021
7199	0.000021
7201	0.000113
7203	0.000021
7204	0.000063
7205	0.000021
7206	0.000021
7210	0.000021
7211	0.000021
7212	0.000021
7214	0.000608
7215	0.000063
7217	0.000021
7218	0.000021
7219	0.000021
7220	0.000021
7221	0.000021
7222	0.000065
7223	0.000021
7225	0.000395
7226	0.000021
7227	0.000021
7228	0.000021
7229	0.000021
7230	0.000021
7231	0.000021
7232	0.000021
7233	0.000376
7234	0.000021
7235	0.000021
7236	0.000021
7237	0.000177
7238	0.000284
7239	0.000021
7240	0.000021
7241	0.000021
7243	0.000099
7245	0.000021
7246	0.000076
7250	0.000041
7251	0.000021
7252	0.000021
7253	0.000021
7254	0.000068
7255	0.000021
7257	0.000033
7260	0.000021
7262	0.000046
7265	0.000021
7266	0.000021
7267	0.000021
7268	0.000021
7269	0.000021
7270	0.000021
7271	0.000021
7273	0.000031
7276	0.000021
7277	0.00026
7278	0.000021
7279	0.000311
7280	0.00028
7281	0.000021
7282	0.000021
7283	0.000021
7284	0.000021
7285	0.000021
7286	0.000021
7287	0.000021
7289	0.000037
7290	0.000039
7291	0.000021
7292	0.000061
7293	0.000021
7294	0.000021
7295	0.000247
7296	0.000021
7297	0.000031
7298	0.000021
7299	0.000021
7300	0.000021
7301	0.000383
7302	0.000021
7304	0.000034
7305	0.000021
7306	0.000282
7309	0.000021
7310	0.000021
7315	0.000057
7316	0.000047
7317	0.000021
7318	0.000028
7319	0.000062
7320	0.000021
7321	0.000021
7323	0.000049
7326	0.000021
7327	0.000021
7329	0.000021
7330	0.000021
7332	0.000021
7333	0.000021
7335	0.000021
7336	0.000021
7337	0.000021
7341	0.000085
7342	0.000021
7343	0.000021
7344	0.000021
7345	0.000021
7347	0.000021
7348	0.000021
7349	0.000021
7350	0.000021
7351	0.000219
7352	0.000021
7353	0.000021
7354	0.000021
7355	0.000021
7357	0.000021
7359	0.000078
7360	0.000021
7362	0.00006
7363	0.000021
7365	0.000035
7371	0.000021
7372	0.000021
7373	0.000159
7374	0.000021
7376	0.000021
7377	0.000021
7378	0.000309
7379	0.000021
7380	0.000021
7381	0.000386
7382	0.000021
7383	0.000021
7386	0.000523
7387	0.000037
7389	0.000168
7390	0.000021
7391	0.000206
7392	0.000021
7393	0.000107
7394	0.000021
7397	0.000067
7400	0.000188
7401	0.000021
7402	0.000021
7403	0.000021
7404	0.000021
7405	0.000021
7407	0.000062
7409	0.000021
7413	0.000021
7414	0.000795
7415	0.000021
7416	0.000021
7417	0.000021
7418	0.000021
7419	0.000021
7420	0.000021
7421	0.000021
7422	0.000161
7423	0.000052
7424	0.000021
7425	0.000021
7426	0.000021
7427	0.000021
7428	0.000021
7429	0.000021
7430	0.000021
7431	0.000021
7434	0.000082
7436	0.000058
7439	0.000055
7440	0.000043
7441	0.000021
7442	0.000198
7443	0.000253
7444	0.000021
7445	0.000021
7446	0.000021
7447	0.000021
7448	0.000021
7449	0.000078
7450	0.000351
7451	0.000021
7452	0.000021
7453	0.000021
7454	0.000021
7455	0.000021
7456	0.000021
7457	0.000021
7458	0.000021
7459	0.000021
7461	0.000021
7462	0.000021
7465	0.000021
7466	0.000021
7467	0.000057
7468	0.000021
7469	0.000021
7470	0.000021
7471	0.000021
7472	0.000021
7473	0.000021
7474	0.000021
7476	0.000021
7477	0.000021
7478	0.000599
7480	0.000021
7481	0.000021
7482	0.000021
7483	0.000021
7484	0.000021
7485	0.000021
7486	0.000021
7487	0.000021
7490	0.000035
7491	0.000044
7492	0.000021
7493	0.000287
7494	0.000021
7495	0.000039
7497	0.000131
7498	0.000071
7501	0.000021
7502	0.000021
7503	0.000021
7505	0.000021
7506	0.000036
7508	0.000039
7509	0.000021
7510	0.000304
7511	0.000021
7512	0.000106
7513	0.000021
7514	0.000021
7515	0.000021
7517	0.000092
7518	0.000021
7520	0.000056
7522	0.000021
7523	0.000021
7524	0.000021
7525	0.000021
7527	0.000021
7528	0.000021
7529	0.000193
7531	0.000021
7533	0.000094
7534	0.000026
7535	0.000021
7536	0.000021
7537	0.000021
7538	0.000021
7540	0.000021
7544	0.000167
7545	0.000021
7546	0.000021
7549	0.000021
7550	0.000021
7553	0.002355
7554	0.000021
7557	0.000064
7561	0.000187
7563	0.000021
7564	0.000021
7565	0.000021
7567	0.000219
7569	0.000021
7570	0.000021
7571	0.000021
7572	0.000021
7574	0.000083
7576	0.000021
7577	0.000021
7578	0.000021
7579	0.000021
7580	0.000021
7581	0.000021
7583	0.000035
7585	0.000021
7586	0.000021
7587	0.000562
7588	0.000138
7590	0.000038
7593	0.000059
7594	0.000021
7595	0.000021
7597	0.000021
7598	0.000021
7599	0.000021
7600	0.000021
7601	0.000021
7602	0.000021
7604	0.000107
7605	0.000021
7608	0.000021
7609	0.000021
7610	0.000021
7611	0.000021
7613	0.000021
7614	0.000021
7615	0.000021
7616	0.000021
7617	0.000021
7618	0.000187
7619	0.000021
7620	0.001598
7623	0.000021
7624	0.000342
7625	0.000021
7626	0.000021
7629	0.000021
7630	0.000021
7632	0.001765
7634	0.000051
7636	0.000021
7637	0.000021
7638	0.000021
7639	0.000021
7642	0.000042
7644	0.000021
7645	0.000021
7646	0.000203
7647	0.000119
7648	0.000075
7649	0.000466
7650	0.000021
7651	0.000314
7652	0.000089
7653	0.00006
7658	0.000054
7659	0.000021
7660	0.000021
7661	0.000021
7662	0.000274
7663	0.000021
7664	0.000021
7665	0.000021
7666	0.000079
7668	0.000076
7669	0.000082
7670	0.000021
7672	0.00004
7673	0.000048
7675	0.000046
7676	0.000021
7677	0.000021
7678	0.000021
7679	0.000021
7682	0.000021
7683	0.000183
7684	0.000021
7685	0.000021
7686	0.000021
7687	0.000021
7688	0.000111
7690	0.000024
7691	0.000049
7694	0.000192
7695	0.000093
7696	0.000021
7697	0.000021
7698	0.000021
7699	0.001208
7701	0.000105
7703	0.000021
7704	0.000021
7705	0.000021
7706	0.000021
7707	0.000194
7708	0.000062
7715	0.000021
7716	0.000021
7717	0.000021
7719	0.000021
7720	0.000021
7721	0.000021
7724	0.000021
7726	0.00016
7727	0.000021
7728	0.000021
7729	0.000021
7730	0.000063
7732	0.000021
7733	0.000021
7734	0.000045
7735	0.000032
7736	0.000021
7737	0.000021
7738	0.000021
7740	0.000058
7741	0.000021
7742	0.000021
7743	0.000021
7744	0.000021
7745	0.000021
7747	0.000021
7750	0.000021
7751	0.000021
7752	0.000021
7753	0.000021
7754	0.000021
7755	0.000021
7756	0.000021
7757	0.000343
7758	0.000021
7759	0.000021
7760	0.000021
7761	0.000021
7762	0.000021
7763	0.000298
7765	0.000026
7766	0.000021
7767	0.000021
7768	0.000021
7769	0.000021
7770	0.000021
7771	0.000021
7772	0.000021
7773	0.000021
7774	0.000021
7775	0.000021
7777	0.000021
7778	0.000127
7779	0.000021
7780	0.000021
7781	0.000021
7782	0.000021
7783	0.000021
7788	0.000174
7789	0.000021
7790	0.000021
7791	0.000116
7792	0.000021
7795	0.000204
7796	0.000021
7797	0.000021
7799	0.00003
7800	0.000021
7801	0.000021
7802	0.000021
7803	0.000596
7804	0.000021
7805	0.000021
7806	0.000021
7808	0.000021
7809	0.000748
7810	0.000228
7812	0.000021
7813	0.000369
7814	0.000021
7815	0.000021
7818	0.000021
7819	0.000033
7821	0.000021
7822	0.000021
7826	0.000021
7827	0.000021
7828	0.000021
7829	0.000021
7830	0.000021
7831	0.000021
7832	0.000021
7833	0.000401
7834	0.000021
7835	0.000331
7836	0.000021
7837	0.000021
7839	0.000513
7840	0.000045
7841	0.000021
7842	0.000021
7843	0.000021
7844	0.000021
7845	0.000021
7848	0.000021
7849	0.000021
7850	0.000021
7851	0.000021
7852	0.000021
7853	0.000021
7854	0.000021
7855	0.000253
7856	0.000021
7857	0.000061
7860	0.000437
7861	0.000021
7862	0.000657
7863	0.000021
7864	0.000021
7865	0.000021
7866	0.000021
7867	0.000021
7868	0.000021
7869	0.000021
7870	0.000021
7871	0.000406
7873	0.000021
7874	0.000114
7875	0.000021
7877	0.000021
7878	0.000021
7879	0.000162
7881	0.000022
7882	0.000573
7883	0.000021
7884	0.000021
7885	0.000021
7886	0.000021
7887	0.000021
7888	0.000021
7889	0.000021
7890	0.00083
7891	0.000021
7892	0.000021
7893	0.000021
7894	0.000021
7899	0.000045
7900	0.000021
7901	0.000021
7902	0.000021
7903	0.000021
7904	0.000021
7905	0.000021
7906	0.000021
7907	0.000021
7908	0.000576
7909	0.000028
7910	0.000396
7911	0.000021
7912	0.000376
7913	0.000029
7914	0.000021
7915	0.000021
7916	0.000021
7919	0.000021
7920	0.000021
7921	0.000128
7922	0.000021
7923	0.000021
7924	0.000238
7925	0.000021
7927	0.000386
7928	0.000267
7929	0.000021
7930	0.000021
7931	0.000021
7932	0.000021
7933	0.000021
7934	0.000021
7935	0.000021
7937	0.000021
7938	0.000021
7939	0.000021
7940	0.000021
7941	0.000021
7942	0.000021
7944	0.000021
7945	0.000021
7946	0.000118
7948	0.000021
7949	0.000021
7950	0.000021
7952	0.000053
7953	0.000021
7954	0.000021
7955	0.000021
7956	0.000021
7957	0.000021
7959	0.000021
7960	0.000021
7961	0.0007
7964	0.000021
7965	0.000186
7966	0.000021
7967	0.000021
7968	0.000021
7969	0.000021
7970	0.000021
7972	0.000021
7973	0.000039
7974	0.000021
7975	0.000021
7976	0.000021
7978	0.000021
7979	0.000252
7980	0.000021
7981	0.000021
7982	0.000039
7985	0.000021
7986	0.00008
7991	0.000023
7992	0.000307
7993	0.000021
7994	0.000045
7995	0.000021
7996	0.000063
7998	0.000021
7999	0.000021
8000	0.000021
8001	0.000021
8002	0.000214
8005	0.000021
8006	0.000021
8007	0.000053
8009	0.000021
8010	0.000021
8011	0.000021
8012	0.000021
8013	0.000021
8014	0.000021
8015	0.000039
8019	0.000057
8020	0.000021
8021	0.000039
8023	0.000021
8024	0.000052
8025	0.000035
8027	0.000021
8028	0.000075
8033	0.000128
8035	0.000021
8036	0.000021
8037	0.000083
8038	0.000114
8040	0.000021
8041	0.000021
8042	0.0011
8043	0.000101
8044	0.000234
8045	0.000021
8046	0.000021
8047	0.000021
8048	0.000021
8049	0.000021
8050	0.000036
8051	0.000272
8052	0.000021
8053	0.000021
8054	0.000021
8055	0.000021
8056	0.000021
8057	0.000021
8058	0.000037
8060	0.000021
8061	0.000021
8062	0.000021
8063	0.000021
8064	0.000021
8065	0.000021
8066	0.000021
8068	0.000038
8069	0.000021
8070	0.000021
8071	0.000021
8072	0.000021
8073	0.000168
8074	0.000021
8075	0.000021
8076	0.000057
8077	0.000021
8079	0.000069
8080	0.000021
8081	0.000021
8083	0.000212
8084	0.000021
8085	0.000021
8086	0.000021
8087	0.000021
8088	0.000021
8089	0.00003
8090	0.000042
8091	0.000021
8092	0.000021
8093	0.000021
8094	0.000021
8095	0.000021
8096	0.000021
8097	0.000021
8098	0.000021
8099	0.000021
8100	0.000021
8101	0.000021
8102	0.000021
8103	0.000021
8104	0.000021
8105	0.000021
8106	0.000021
8107	0.000021
8108	0.000021
8109	0.000021
8110	0.000021
8111	0.000021
8112	0.000021
8114	0.000021
8115	0.000021
8118	0.000021
8119	0.000021
8120	0.000021
8121	0.000409
8122	0.000067
8124	0.000122
8126	0.000021
8128	0.000127
8130	0.000046
8131	0.000021
8132	0.000042
8133	0.000021
8134	0.000295
8135	0.000021
8136	0.000021
8137	0.000021
8138	0.000021
8139	0.000073
8140	0.000021
8141	0.000214
8142	0.000021
8144	0.000021
8145	0.000021
8146	0.000021
8147	0.000021
8148	0.0001
8149	0.000105
8150	0.000021
8152	0.000021
8153	0.000021
8155	0.000021
8156	0.000021
8157	0.000021
8158	0.000021
8159	0.000021
8161	0.000021
8162	0.000021
8163	0.000958
8165	0.000022
8166	0.000021
8167	0.000021
8168	0.000175
8169	0.000061
8170	0.000021
8171	0.000021
8172	0.000021
8173	0.000021
8174	0.000427
8175	0.000027
8177	0.000021
8178	0.000397
8179	0.000021
8180	0.000021
8181	0.000021
8182	0.000021
8183	0.000021
8184	0.000021
8186	0.00003
8187	0.000021
8189	0.000021
8190	0.000021
8192	0.000424
8193	0.000021
8194	0.000021
8195	0.000021
8196	0.000021
8197	0.000021
8198	0.000261
8199	0.000021
8202	0.000021
8203	0.000021
8204	0.000037
8205	0.000021
8206	0.000021
8209	0.000149
8211	0.000021
8212	0.000544
8213	0.000021
8214	0.000021
8215	0.000021
8216	0.000021
8219	0.000192
8221	0.000021
8222	0.000021
8224	0.000227
8225	0.00003
8226	0.000051
8227	0.000071
8229	0.000021
8231	0.000021
8232	0.000021
8233	0.000021
8235	0.000037
8236	0.000021
8237	0.000179
8238	0.000021
8241	0.000021
8242	0.000021
8243	0.000021
8244	0.000021
8245	0.000021
8246	0.000199
8248	0.000021
8249	0.000383
8251	0.000021
8252	0.000021
8253	0.000021
8254	0.000021
8255	0.000021
8256	0.000021
8260	0.000021
8261	0.000021
8262	0.000021
8263	0.000034
8264	0.000021
8265	0.000021
8266	0.000021
8270	0.000021
8271	0.000026
8272	0.000021
8273	0.000021
8274	0.000021
8275	0.000079
8276	0.000089
8277	0.000046
8282	0.000046
8283	0.000189
8284	0.000112
8285	0.000065
8286	0.00004
8287	0.00034
8288	0.000087
8289	0.000026
8290	0.000395
8291	0.000388
8292	0.000279
8293	0.001419
8294	0.000987
8295	0.000569
8296	0.000051
8297	0.000254
