3	0.603727
4	0.15
5	0.15
6	0.917918
7	0.15
8	0.967159
9	0.15
10	1.26879
11	0.15
12	0.15
13	0.15
14	0.15
15	10.932791
16	0.15
17	0.15
18	0.15
19	0.385289
20	0.15
21	0.15
22	0.15
23	0.507148
24	0.15
25	0.15
26	0.15
27	0.15
28	5.017414
29	0.545884
30	0.513597
31	0.15
32	0.575541
33	1.002179
34	0.769202
35	2.068883
36	0.409207
37	0.15
38	0.48843
39	1.017512
40	0.15
41	0.15
42	0.15
43	0.15
44	0.15
45	0.15
46	0.15
47	0.15
48	0.15
49	0.830524
50	1.198337
51	0.15
52	0.15
53	0.15
54	1.02841
55	2.813669
56	2.716992
57	0.15
58	0.15
59	0.15
60	0.15
61	0.635411
62	0.15
63	0.15
64	0.244209
65	0.15
66	0.15
67	0.15
68	0.15
71	0.15
72	2.311721
73	0.15
74	0.15
75	1.418959
76	0.15
77	0.15
78	0.15
79	0.15
80	0.837256
81	0.15
82	0.15
83	0.15
84	0.15
85	0.15
86	2.512425
87	0.15
88	0.15
89	0.334899
90	0.15
91	0.15
92	0.15
93	0.363654
94	0.811221
95	2.309617
96	0.15
98	0.15
99	0.15
100	0.15
101	0.15
102	0.15
103	0.15
104	0.15
105	0.963664
106	0.15
107	0.15
108	1.323079
109	0.15
110	0.15
111	0.15
112	0.15
113	0.15
114	0.15
115	0.15
116	0.15
117	0.15
118	0.15
119	0.15
120	0.15
121	0.15
122	0.15
123	0.15
124	0.15
125	0.15
126	0.15
127	0.2904
128	0.15
129	0.15
130	0.282377
132	0.521583
133	0.15
134	0.15
135	0.915774
136	0.15
137	0.15
138	0.15
139	0.15
140	0.525949
141	0.15
142	0.15
143	0.15
144	0.803014
145	0.15
146	0.15
147	0.419525
149	0.15
150	0.400411
151	0.894658
152	1.714692
153	0.81694
154	0.344671
155	1.093033
156	0.15
157	0.15
158	0.15
159	0.15
160	0.15
161	0.15
162	0.15
163	0.281954
164	0.15
165	0.15
166	0.15
167	0.252903
168	0.349495
169	0.15
171	0.924706
172	0.15
173	0.15
174	0.15
175	0.6014
176	0.15
177	0.15
178	0.878479
179	0.15
180	0.15
181	0.15
182	0.475434
183	0.35575
185	0.15
187	0.15
188	0.150625
189	0.15
190	0.15
191	0.15
192	0.700048
193	0.15
194	0.15
195	0.15
196	0.15
197	0.15
198	0.15
199	0.15
200	0.15
201	0.15
202	0.15
203	0.15
204	1.668751
205	0.15
206	0.15
207	0.15
208	0.15
209	0.15
210	0.15
211	0.15
212	0.15
213	0.15
214	4.90662
215	0.15
216	0.382903
217	0.15
218	0.15
219	0.425005
221	0.15
222	0.213086
223	0.15
224	0.316292
225	0.15
226	0.551212
227	0.971699
228	0.540651
230	1.649535
231	0.15
232	0.582361
233	0.15
234	0.15
235	0.15
236	0.406795
237	0.15
238	0.15
239	0.15
240	0.15
241	0.15
242	0.15
243	1.718011
244	0.15
245	0.15
246	0.412293
247	0.15
248	0.15
249	0.15
250	1.090625
251	0.15
252	0.522185
253	0.15
254	0.15
255	0.486851
256	0.15
257	0.521699
258	0.300574
259	1.459833
260	0.15
261	0.436374
263	0.15
264	0.15
265	0.15
266	0.15
267	0.15
268	0.15
269	0.15
270	0.15
271	3.940281
273	0.341853
274	0.365837
275	0.15
276	0.15
277	0.15
280	0.62854
282	3.193272
283	0.15
284	0.15
285	1.098501
286	0.511899
287	0.15
288	0.15
289	0.15
290	1.948098
291	0.179219
292	0.15
293	0.15
294	0.15
295	0.15
296	0.15
297	0.15
298	0.768729
299	3.280136
300	0.443053
301	0.256995
302	0.514027
303	0.15
304	0.703282
305	0.15
306	0.286785
307	0.15
308	0.534932
309	0.15
310	0.851991
311	0.652056
312	0.15
313	0.740708
314	0.282216
315	0.15
316	0.15
317	0.478352
318	0.15
319	0.326198
320	0.15
321	0.51467
322	0.916879
323	0.15
324	0.417862
325	0.5924
326	0.15
327	0.15
328	0.15
329	0.15
330	0.15
331	0.15
332	0.750457
333	0.15
334	0.893631
335	0.15
336	0.15
337	0.15
338	0.235275
339	0.391756
340	0.15
341	0.260552
342	0.15
343	0.15
344	0.15
345	0.15
346	0.643976
347	0.15
348	0.512011
349	0.279127
350	0.671777
351	0.15
352	0.15
353	0.15
355	0.15
356	1.054037
357	0.15
358	0.319349
359	0.213266
362	0.672641
363	0.864467
364	0.15
365	0.15
366	0.15
367	0.15
368	0.667597
369	0.15
370	1.327187
371	0.852626
372	0.557413
373	0.517799
374	0.15
375	0.15
376	0.15
377	0.506601
378	0.241236
379	0.301775
381	0.15
382	0.15
383	0.15
384	0.15
386	0.15
387	0.15
388	0.15
389	0.241557
390	0.226416
391	0.524265
392	0.203293
393	0.15
394	0.58492
395	0.15
396	0.341471
397	0.15
398	0.15
399	0.15
400	0.15
401	0.15
402	1.462871
403	0.596201
404	0.15
405	0.591167
406	0.34498
407	2.754913
408	0.15
409	0.15
410	0.15
411	0.15
412	0.15
413	0.15
414	0.15
415	1.157461
416	0.15
417	2.169028
418	0.15
419	0.196952
421	0.190291
422	0.442058
423	0.15
424	0.15
425	0.572344
426	0.15
427	0.312568
428	0.462049
429	0.308835
430	0.15
431	0.47787
432	0.818596
433	0.417214
434	0.15
435	0.524875
436	0.15
437	0.15
438	0.15
439	1.269802
440	0.434069
441	0.15
443	0.15
444	0.15
445	0.15
446	0.15
447	0.39367
448	0.15
449	0.15
450	0.15
451	0.15
453	0.15
454	0.15
455	0.15
456	0.15
457	0.15
458	0.15
460	0.15
461	0.15
462	0.15
463	0.15
465	1.389915
467	0.15
468	0.15
469	0.15
472	0.15
473	0.15
476	0.15
477	0.9134
479	0.15
480	0.15
481	0.15
486	0.15
488	0.316221
489	0.15
490	0.15
492	0.15
493	0.15
494	0.15
495	0.15
497	0.15
498	0.15
499	0.15
501	0.15
502	0.15
504	0.15
506	0.580952
507	0.15
509	0.15
511	0.15
513	0.15
514	0.810927
515	0.469315
516	0.15
517	0.648343
519	0.15
520	0.15
521	0.15
522	0.15
523	0.15
524	1.003377
525	0.228372
527	0.15
528	0.15
529	0.15
530	0.15
531	0.15
532	0.15
534	0.15
536	0.15
538	0.274125
539	0.15
540	0.15
541	0.15
542	0.15
543	0.15
544	0.15
545	1.307666
546	0.15
547	0.15
548	0.15
549	1.718878
550	0.15
551	0.15
552	0.15
553	0.15
554	0.239904
555	0.15
556	0.15
557	0.15
558	0.15
559	0.962312
560	1.226306
561	0.15
562	0.15
563	0.15
564	0.290808
565	0.921745
566	0.274079
567	0.980594
568	0.15
569	0.15
570	0.15
571	0.15
572	0.15
573	0.15
574	0.15
575	0.195927
576	0.15
577	0.15
578	0.15
579	1.116206
580	0.15
581	0.322502
582	0.15
583	0.15
584	0.668989
585	0.15
586	0.311166
587	0.696028
588	0.15
589	0.643983
590	0.569966
591	0.15
592	0.361206
593	0.15
594	0.15
595	0.15
596	0.15
597	0.15
598	0.15
599	0.15
600	2.168488
601	0.268633
602	0.15
604	0.532601
605	0.15
606	0.393486
607	0.438225
608	1.451109
609	0.780179
610	0.15
611	0.637533
612	0.15
613	0.607534
614	0.15
615	0.15
616	0.283193
617	0.190146
618	0.158877
619	0.240963
620	0.15
621	0.15
622	0.375639
624	0.249031
625	0.15
626	1.297581
627	0.370563
628	0.378045
631	0.260674
632	0.15
633	0.814613
634	0.15
635	0.15
636	0.595242
637	0.607247
638	0.15
639	0.15
640	0.15
641	0.15
642	0.15
643	0.457817
644	2.249047
645	0.207448
646	0.15
647	0.501152
648	0.15
649	0.15
650	0.200752
651	0.15
652	0.15
653	0.15
654	0.15
655	0.15
656	1.202652
657	0.289985
658	0.40962
659	0.602431
661	0.15
662	0.15
663	0.826522
664	0.433765
665	4.881513
666	0.15
667	1.265795
668	0.217872
669	0.15
670	0.341761
672	0.15
673	0.687922
674	0.236455
675	0.350671
676	0.15
677	0.962787
678	0.15
679	0.15
681	0.387811
682	0.476553
683	0.15
684	0.480108
686	0.346758
687	0.209874
688	0.15
689	0.15
690	0.15
691	0.356305
692	0.15
693	0.15
694	0.289011
695	0.15
696	0.834772
697	0.762981
698	0.15
699	0.15
700	0.218989
701	0.15
703	0.15
704	0.727518
705	0.224308
706	0.28767
707	0.335927
708	0.15
709	0.15
710	0.575798
711	0.15
712	0.15
713	0.15
714	1.212537
715	1.240315
716	0.15
717	0.232697
718	0.15
719	0.745426
720	0.15
721	0.15
722	0.601307
723	0.461035
724	0.15
725	0.345135
726	0.15
727	0.15
728	0.15
729	0.15
730	0.564167
731	0.15
732	0.15
733	0.749666
734	0.15
735	0.15
736	0.15
737	5.16841
738	0.15
739	1.435634
741	0.574215
742	0.521989
743	0.259694
744	0.201228
745	0.15
746	0.607144
748	0.374908
749	0.481451
750	0.639391
751	0.15
752	0.15
753	0.15
754	0.15
755	0.15
756	1.773599
758	0.15
759	0.15
760	0.837293
761	1.103959
762	5.175873
763	0.973166
764	0.810531
765	1.458776
766	0.15
767	0.15
768	0.15
769	1.433673
770	0.15
771	1.143094
772	0.15
773	0.15
774	0.15
775	0.15
776	0.15
778	0.343541
779	0.23151
780	0.15
781	0.15
782	0.15
783	0.15
784	0.651545
785	0.15
786	0.15
787	0.15
788	0.15
789	1.32294
791	0.226532
792	0.15
793	0.290441
794	0.572701
795	0.332916
796	0.15
797	0.493022
798	0.472771
799	0.15
800	0.15
801	0.15
802	0.512567
803	0.460019
804	0.15
805	0.522812
806	0.441751
807	0.15
808	0.15
810	0.287805
811	0.15
812	0.15
813	0.613153
814	0.15
815	0.15
816	0.15
817	1.317599
818	0.15
819	0.15
820	0.288666
821	0.15
822	0.588781
823	0.192693
824	0.15
825	2.863715
826	0.311851
827	0.489494
829	0.893472
830	0.15
831	0.15
832	0.15
835	0.15
836	0.315922
837	0.449026
838	0.673588
839	0.343565
840	1.783814
841	0.15
842	0.15
843	0.15
844	0.440143
845	0.15
847	0.15
848	0.15
849	0.844261
850	0.15
851	0.15
852	0.151483
853	0.396073
854	0.15
855	0.15
856	0.97118
857	1.414934
859	0.900895
860	0.15
861	0.40845
862	0.15
863	1.481708
864	0.279508
865	0.15
866	0.26601
867	0.15
868	0.441879
869	0.15
870	0.15
871	0.573233
872	0.15
873	0.509088
874	0.15
875	0.529351
876	0.15
877	0.15
878	0.568315
879	0.15
880	0.15
881	0.466585
882	0.238977
883	0.15
885	0.247456
886	0.15
887	0.70539
888	0.15
889	0.15
890	0.15
891	0.15
892	0.15
893	1.047217
895	0.71148
896	1.820444
897	0.636129
898	0.15
899	0.15
900	0.15
902	0.15
903	0.277406
904	0.929319
905	0.15
906	0.634965
907	0.590725
908	0.689572
909	0.15
910	0.15
911	0.15
912	0.15
913	0.441077
914	0.15
915	0.15
916	0.15
917	0.15
918	0.505386
919	0.15
920	0.15
921	0.15
922	3.297937
923	0.15
924	0.15
926	0.15
927	0.15
928	0.594929
929	0.32958
930	1.740164
931	0.15
932	0.434494
933	0.15
934	0.236225
935	1.017739
936	0.313038
937	1.059591
938	0.510124
940	0.15
941	2.31723
942	0.23928
943	0.417234
944	0.15
945	0.333393
946	0.614598
947	0.470916
948	0.425043
949	0.15
950	0.15
951	0.15
954	0.15
955	0.328047
956	0.312727
957	0.15
958	0.597658
959	1.525367
960	0.926202
961	0.15
962	0.15
963	0.542471
964	0.15
965	0.15
966	1.032806
967	0.932269
968	0.544609
969	0.15
970	0.15
971	0.470909
972	0.767244
973	0.15
974	2.289304
975	0.626169
976	0.15
977	0.651056
978	1.800744
979	0.553124
980	0.15
981	0.339411
982	0.42447
983	0.199845
984	0.15
985	0.501965
986	0.15
987	0.15
988	0.15
989	0.676268
990	0.15
991	0.441352
992	0.15
993	3.565907
994	0.399088
995	0.252449
996	0.15
998	0.15
999	0.461159
1000	0.683187
1001	0.15
1002	0.15
1003	0.15
1004	0.15
1005	0.15
1006	0.642444
1007	0.322148
1008	0.15
1009	0.15
1010	0.15
1011	0.15
1012	0.737028
1013	0.15
1014	0.862789
1016	0.15
1017	0.15
1018	0.849287
1019	0.15
1020	0.258765
1021	0.15
1022	0.718776
1023	0.413966
1024	0.694056
1025	0.15
1026	3.484598
1027	0.15
1028	0.15
1029	0.510491
1030	0.309017
1031	3.176617
1032	0.546946
1033	0.15
1034	0.406742
1035	1.19985
1037	0.15
1038	0.329829
1039	0.307882
1040	0.15
1041	0.15
1042	0.15
1043	0.460435
1044	1.105679
1045	0.15
1046	0.15
1047	0.15
1048	0.15
1049	1.71051
1050	0.15
1051	0.15
1052	0.15
1053	0.85007
1055	0.281278
1058	0.15
1059	0.15
1060	0.230702
1061	0.457718
1062	1.194915
1063	0.15
1064	0.15
1065	0.15
1066	0.15
1067	0.15
1068	0.15
1070	0.15
1071	0.15
1072	0.15
1074	0.419307
1075	0.574985
1077	0.476738
1078	0.15
1079	0.15
1080	2.208716
1081	0.15
1082	0.15
1083	0.15
1084	0.15
1085	0.15
1086	0.15
1087	0.15
1088	0.15
1089	0.15
1090	0.15
1092	0.214318
1093	0.15
1094	0.15
1095	0.15
1096	0.15
1097	0.516547
1098	0.15
1099	0.15
1100	0.433366
1101	0.15
1102	0.15
1103	1.347511
1104	0.15
1105	0.15
1106	0.15
1107	0.15
1108	0.15
1109	0.15
1110	0.15
1111	1.731454
1112	0.15
1113	0.15
1114	0.186522
1115	0.15
1120	0.15
1123	0.949527
1124	0.343399
1125	0.702405
1126	0.15
1127	0.630511
1128	0.22524
1129	0.15
1130	0.15
1131	0.546415
1132	0.15
1133	0.15
1134	0.15
1135	0.15
1137	0.440487
1138	0.15
1139	0.15
1140	0.698469
1141	0.264169
1142	0.15
1143	0.15
1144	0.281582
1145	0.15
1146	0.15
1147	0.15
1148	0.15
1150	0.15
1151	1.401671
1152	0.346407
1154	0.961858
1155	0.15
1156	1.286104
1157	1.531906
1158	0.15
1159	1.145265
1160	0.337485
1161	0.15
1164	0.791452
1165	1.31777
1166	1.694054
1167	1.357656
1168	0.247005
1169	0.15
1170	0.15
1171	0.15
1172	0.15
1173	0.15
1174	0.15
1175	0.15
1176	0.15
1177	0.15
1178	0.15
1179	0.15
1180	0.15
1181	0.15
1182	0.15
1183	0.15
1184	0.15
1185	0.602096
1186	6.047527
1187	0.15
1188	0.15
1189	0.15
1190	0.802312
1191	0.842104
1192	0.47108
1193	2.039375
1194	0.15
1195	0.15
1196	0.450604
1197	0.15
1198	0.15
1199	1.685973
1200	1.052319
1201	1.25548
1202	0.15
1203	0.84485
1204	0.15
1205	0.15
1206	0.15
1207	0.15
1208	0.15
1209	0.15
1210	0.15
1211	4.211596
1212	0.15
1213	0.15
1214	0.15
1215	0.15
1216	0.15
1218	0.579666
1219	0.15
1220	0.342712
1221	0.274117
1222	0.577403
1223	0.15
1224	0.15
1225	0.15
1226	0.15
1227	0.15
1228	0.15
1229	0.15
1230	0.609584
1231	0.15
1232	0.266419
1233	0.15
1234	0.816958
1235	0.15
1236	0.514707
1237	0.15
1238	0.15
1239	0.924935
1240	0.209257
1241	0.710452
1242	0.15
1243	0.537357
1244	0.15
1245	0.15
1246	0.15
1247	1.200179
1248	0.642859
1250	0.6505
1252	0.15
1253	0.861367
1254	0.15
1255	0.15
1256	0.15
1257	0.15
1258	0.15
1259	0.58705
1260	0.391095
1261	1.105451
1262	0.15
1264	0.15
1266	0.249212
1267	1.421194
1268	0.15
1269	0.15
1270	0.191291
1271	0.15
1272	0.15
1273	0.15
1274	0.15
1275	0.15
1276	0.15
1277	1.091507
1278	0.15
1279	0.984281
1280	0.15
1281	0.15
1282	0.318135
1284	0.971435
1285	0.778757
1286	0.683889
1287	0.187443
1290	0.15
1291	0.779469
1292	0.15
1293	0.15
1294	0.15
1295	0.15
1296	0.814409
1297	5.781044
1298	0.15
1299	0.15
1300	0.150873
1301	0.15
1302	0.15
1303	0.15
1304	0.15
1305	1.106737
1306	0.15
1307	1.642691
1308	0.15
1309	0.15
1310	2.14701
1311	0.15
1312	0.15
1313	0.15
1314	0.15
1315	0.906371
1316	0.15
1317	0.15
1318	0.15
1319	1.504596
1320	0.15
1321	0.308964
1322	0.877681
1323	0.477403
1324	0.15
1325	0.15
1326	0.377022
1327	0.15
1328	0.15
1329	0.15
1330	0.902226
1331	0.15
1332	0.15
1333	0.15
1334	0.15
1335	0.15
1336	0.15
1337	0.15
1338	0.15
1339	0.15
1340	0.15
1341	0.15
1342	0.15
1343	0.15
1344	0.15
1345	0.15
1346	0.15
1349	0.15
1350	0.15
1351	0.15
1352	1.301232
1353	0.562242
1354	0.15
1355	0.15
1356	0.15
1357	1.483431
1358	0.15
1359	0.15
1360	0.867942
1361	0.15
1362	0.15
1365	0.15
1366	0.15
1367	0.15
1368	0.15
1369	0.15
1370	0.15
1372	0.418744
1373	0.15
1374	1.604235
1375	0.458266
1376	0.15
1377	0.632809
1378	0.902411
1379	0.15
1380	0.15
1381	0.15
1382	0.615945
1383	0.15
1384	1.292709
1385	3.147463
1386	0.15
1387	0.15
1388	0.15
1389	0.647944
1390	0.930743
1391	0.15
1392	0.15
1393	0.684998
1394	0.659633
1395	0.15
1396	0.342559
1397	0.15
1398	0.15
1399	0.15
1400	0.15
1401	0.15
1402	0.850514
1403	1.29821
1404	0.15
1405	0.15
1406	0.15
1407	0.644896
1408	0.15
1409	0.15
1410	0.15
1411	0.819623
1412	2.419455
1413	0.683518
1416	1.061839
1418	0.384047
1419	0.526679
1420	0.379816
1421	0.15
1422	0.15
1423	0.15
1424	0.15
1425	0.758522
1426	0.15
1427	0.15
1428	1.232805
1429	0.15
1430	0.15
1431	0.15
1432	0.368224
1433	0.15
1434	0.15
1435	0.316823
1436	0.15
1437	1.895579
1438	0.15
1439	0.651063
1440	0.15
1441	0.649422
1442	1.066837
1443	0.15
1444	0.862826
1445	0.15
1446	0.80812
1447	0.15
1448	0.15
1449	0.15
1450	0.15
1451	0.15
1452	0.15
1453	2.291261
1454	0.15
1455	0.15
1456	0.15
1457	0.15
1458	0.15
1459	0.15
1460	0.15
1461	0.15
1462	0.15
1463	0.15
1464	1.635303
1465	0.839404
1466	0.15
1467	0.15
1468	0.391175
1469	0.15
1470	0.15
1471	0.773936
1472	0.222057
1473	1.628914
1474	0.15
1476	0.539435
1478	0.210969
1480	0.15
1481	0.15
1482	1.072106
1483	0.15
1484	1.114594
1485	0.25034
1486	0.21896
1487	0.54311
1488	0.15
1489	1.081035
1490	0.30444
1492	1.442945
1493	0.425791
1494	0.15
1495	0.15
1496	1.243312
1497	1.278197
1498	0.818211
1499	0.15
1500	0.15
1501	0.535648
1502	0.15
1503	0.15
1504	0.15
1505	0.15
1506	0.504571
1507	0.200037
1509	0.15
1510	0.190713
1511	0.15
1512	0.15
1513	0.480147
1514	1.323122
1515	0.15
1516	0.15
1517	0.15
1518	0.400511
1519	0.15
1520	0.638952
1521	0.773287
1522	0.15
1523	0.15
1524	0.477135
1525	0.875837
1526	0.15
1527	0.15
1528	0.15
1529	0.15
1530	0.15
1531	0.424653
1532	0.193418
1533	0.195833
1534	0.705238
1535	0.15
1536	0.15
1537	0.467165
1538	1.089711
1539	0.15
1540	0.15
1541	0.15
1542	0.747324
1543	0.15
1545	0.15
1546	0.15
1547	0.572499
1548	1.623593
1549	3.688492
1550	0.725311
1551	0.15
1552	0.15
1553	0.15
1554	0.15
1555	0.509155
1556	0.359911
1557	0.231602
1558	0.15
1559	0.15
1560	0.15
1561	0.15
1563	0.630809
1564	1.216125
1565	0.738902
1566	0.850178
1568	0.15
1569	0.717923
1570	0.15
1571	0.998791
1572	0.15
1573	0.586649
1574	0.15
1575	0.15
1576	0.15
1578	0.15
1579	0.15
1580	0.791866
1581	0.222885
1582	0.15
1583	0.329055
1584	0.15
1585	1.638609
1587	0.51282
1588	0.15
1589	0.15
1590	0.15
1591	0.15
1592	0.727167
1593	1.131711
1594	0.15
1595	0.327587
1596	0.755919
1597	0.410372
1599	0.15
1600	0.400145
1601	0.15
1602	0.15
1603	0.758669
1604	0.316315
1605	0.15
1606	0.15
1607	0.15
1608	1.002193
1609	0.15
1610	0.572076
1611	0.15
1612	0.230501
1613	0.582228
1614	0.15
1615	0.15
1616	0.15
1617	0.15
1618	0.51941
1619	0.221496
1620	0.15
1621	0.96209
1622	1.486388
1623	0.15
1625	0.15
1626	0.15
1627	0.15
1628	0.308704
1629	0.270091
1630	0.15
1631	0.15
1632	0.15
1633	3.021885
1634	0.15
1635	0.15
1636	0.196776
1637	1.346658
1638	2.127103
1639	0.15
1641	0.745194
1642	0.15
1643	0.15
1644	0.15
1645	0.15
1646	1.630135
1647	0.15
1648	1.037217
1649	0.29097
1650	0.15
1651	0.15
1652	0.540196
1653	0.482957
1654	0.606573
1655	0.15
1656	0.15
1657	0.186365
1658	0.770687
1659	0.15
1660	0.15
1661	1.593278
1662	0.379806
1663	0.15
1664	0.278609
1665	0.15
1666	0.15
1667	0.15
1668	0.15
1669	0.320982
1670	0.15
1671	0.15
1672	0.320133
1674	0.15
1675	0.15
1676	0.15
1677	0.15
1678	0.269055
1679	1.505994
1680	1.036284
1681	0.15
1682	0.15
1683	0.15
1684	0.15
1685	0.15
1686	0.15
1687	0.379951
1688	1.673179
1689	0.208599
1690	0.15
1691	0.15
1692	0.409928
1693	0.15
1694	0.15
1695	0.15
1696	0.15
1697	1.436431
1698	0.15
1699	0.15
1700	1.132699
1701	1.452315
1703	0.15
1704	0.15
1705	1.527692
1706	1.049252
1707	0.583606
1708	0.15
1709	0.15
1710	0.15
1711	0.15
1712	0.15
1713	0.15
1714	0.479071
1715	0.15
1716	0.31147
1717	2.459075
1718	1.390465
1719	0.15
1720	0.15
1721	0.15
1722	0.15
1723	1.924835
1724	0.15
1725	0.15
1726	2.960154
1728	0.15
1729	1.610532
1730	0.402182
1731	0.15
1732	0.377679
1733	0.380902
1734	1.28821
1735	0.15
1736	0.15
1737	0.15
1738	0.15
1739	0.15
1740	0.15
1741	0.15
1742	0.15
1743	0.15
1744	1.692763
1745	0.15
1746	0.778653
1747	0.371209
1748	0.15
1749	0.618449
1751	0.15
1752	0.380325
1753	0.15
1754	2.545788
1755	0.15
1756	0.15
1757	0.399039
1758	0.794283
1759	0.15
1760	0.15
1761	0.15
1762	0.15
1763	0.15
1764	0.15
1765	0.15
1766	0.15
1767	0.15
1768	0.334308
1769	1.046578
1770	0.29768
1771	0.427053
1772	1.111401
1773	0.15
1774	0.690053
1775	0.15
1777	0.958935
1778	0.15
1780	0.518069
1781	0.930096
1782	0.15
1783	0.712585
1784	0.15
1785	0.15
1787	0.932025
1788	0.759525
1789	0.15
1790	0.15
1791	0.362207
1792	0.606859
1793	0.60683
1794	0.15
1795	0.15
1796	0.15
1797	0.15
1798	0.677114
1799	0.91638
1800	0.15
1802	0.925121
1803	0.15
1804	0.15
1805	0.508494
1806	0.15
1807	0.15
1808	1.035529
1809	0.15
1810	0.15
1811	1.31821
1812	0.15
1813	0.15
1814	0.826446
1816	0.837444
1819	0.374893
1820	0.15
1821	0.15
1822	0.15
1823	0.478944
1825	0.15
1826	0.15
1827	0.15
1828	0.15
1829	0.15
1830	0.15
1831	0.15
1832	0.15
1833	0.410242
1834	0.15
1835	1.423079
1836	1.6037
1837	0.358984
1838	0.15
1839	0.15
1840	0.15
1841	0.15
1842	3.669715
1844	0.15
1845	0.15
1846	0.15
1847	1.110633
1848	0.506797
1849	1.331114
1852	0.15
1853	0.15
1855	3.272449
1856	0.15
1857	0.516048
1858	0.521354
1859	1.790822
1860	0.15
1861	0.435692
1862	0.15
1863	0.15
1864	0.768117
1865	0.605784
1866	0.15
1867	0.15
1868	0.15
1869	0.15
1870	0.15
1871	0.15
1872	0.15
1873	0.15
1874	0.15
1875	0.15
1876	0.15
1879	0.15
1880	0.338078
1881	0.15
1882	0.15
1883	0.15
1884	0.462396
1885	0.15
1886	0.15
1887	0.15
1888	1.240324
1889	0.15
1890	0.15
1891	0.15
1892	0.15
1893	1.819492
1894	0.15
1895	0.15
1896	0.15
1897	0.15
1899	0.15
1900	0.15
1901	0.476565
1902	0.15
1903	0.715441
1905	0.15
1906	0.15
1907	0.15
1908	1.390803
1909	0.15
1911	0.15
1912	0.15
1913	0.15
1914	0.15
1915	0.562697
1916	0.15
1917	0.15
1918	1.446216
1919	1.963269
1920	0.437129
1921	0.15
1922	0.15
1923	0.15
1924	0.15
1925	0.15
1926	0.15
1927	0.887985
1928	0.15
1929	0.15
1930	0.15
1931	0.15
1932	0.15
1933	0.15
1934	0.15
1935	1.225225
1937	0.15
1938	0.15
1939	0.15
1940	0.15
1941	0.15
1943	0.15
1944	0.15
1945	0.15
1946	0.15
1947	0.15
1948	0.15
1950	0.184613
1951	0.15
1952	0.15
1953	0.644397
1955	0.196618
1956	2.386222
1958	0.15
1959	0.15
1960	0.15
1961	0.646295
1962	0.15
1963	1.197283
1964	0.824856
1965	0.651022
1966	1.052779
1967	0.15
1968	0.15
1969	0.62333
1970	0.151063
1971	0.150165
1972	0.638152
1973	0.551546
1975	0.15
1976	0.15
1977	1.408523
1978	0.15
1979	0.37692
1980	0.15
1981	0.15
1982	2.405398
1983	0.270859
1984	0.559233
1985	0.549279
1986	0.15
1987	0.416683
1988	0.15
1989	0.15
1990	1.534215
1991	0.401975
1992	1.434406
1993	0.15
1994	0.15
1995	0.15
1996	0.15
1997	0.93841
2000	0.15
2001	0.826692
2002	0.15
2003	0.15
2004	0.634111
2005	0.15
2007	0.321874
2008	0.15
2009	0.15
2010	0.15
2011	0.15
2012	0.15
2013	0.15
2014	1.673643
2015	0.15
2016	0.885441
2017	0.15
2018	0.15
2019	0.15
2020	0.15
2021	0.15
2023	0.15
2024	0.15
2025	0.15
2026	0.15
2027	0.15
2028	0.15
2029	0.15
2030	0.15
2031	0.15
2032	0.15
2033	0.15
2034	0.15
2035	0.15
2036	0.15
2037	0.15
2038	0.15
2040	0.15
2041	0.15
2042	0.15
2044	0.15
2045	0.15
2047	0.15
2049	0.15
2050	0.15
2051	0.15
2052	0.15
2053	0.65749
2054	0.15
2055	0.315666
2056	0.15
2057	0.15
2058	0.15
2059	0.15
2060	0.376062
2061	0.15
2062	1.35925
2063	0.15
2064	0.15
2065	0.15
2066	5.097296
2067	0.15
2068	0.15
2069	0.344841
2070	0.15
2071	0.88917
2072	0.606983
2073	0.709802
2076	0.660287
2077	0.15
2079	0.891448
2081	0.15
2082	0.15
2083	0.166657
2084	0.15
2085	0.696292
2086	0.15
2087	0.15
2088	0.15
2089	0.15
2090	0.15
2091	0.629015
2092	0.176045
2093	0.15
2094	0.15
2095	1.071668
2096	0.15
2097	0.338288
2099	0.15
2100	0.15
2101	0.394799
2102	0.931459
2103	0.15
2104	0.15
2105	0.15
2106	0.636891
2108	0.15
2109	0.329441
2110	0.15
2111	0.15
2112	0.243151
2113	0.15
2114	1.868382
2115	0.15
2116	0.565452
2117	1.903865
2118	0.15
2119	0.358964
2120	1.601663
2121	0.205563
2125	0.15
2126	0.15
2127	0.15
2128	0.865001
2129	0.324454
2130	0.15
2131	0.15
2132	0.15
2133	0.154384
2134	2.054991
2135	1.227486
2136	0.15
2137	0.534992
2138	0.15
2139	0.15
2141	0.15
2142	0.15
2143	0.15
2144	2.460101
2145	1.754151
2146	0.15
2147	0.15
2148	0.15
2149	0.15
2150	0.15
2151	2.01534
2152	0.15
2153	0.15
2155	0.15
2156	0.15
2157	0.927553
2159	0.15
2160	2.108982
2161	0.15
2163	0.329602
2164	0.15
2165	0.386877
2167	0.15
2168	0.422844
2169	0.15
2170	0.15
2171	0.15
2172	0.15
2173	0.15
2174	1.345531
2175	0.15
2176	0.15
2177	0.15
2178	0.336867
2179	0.15
2180	0.15
2181	0.573807
2182	1.225941
2183	0.15
2184	0.15
2185	1.768844
2186	0.15
2187	0.15
2188	0.15
2189	0.15
2190	0.15
2191	0.15
2192	0.15
2193	1.293532
2194	0.15
2195	0.716201
2196	0.15
2197	0.15
2198	0.15
2199	0.15
2200	0.15
2201	0.15
2202	0.417492
2203	0.15
2204	0.15
2205	0.321005
2206	0.316902
2209	0.807638
2210	2.517709
2211	1.009522
2212	0.15
2213	0.15
2214	0.15
2215	0.15
2216	0.15
2217	0.15
2218	0.15
2219	0.15
2221	0.15
2222	0.15
2223	1.134746
2224	0.15
2225	1.029031
2226	0.15
2227	0.15
2228	0.15
2229	0.381627
2230	0.15
2231	0.920457
2232	0.15
2233	0.211105
2234	0.377327
2235	0.15
2236	0.15
2237	7.417424
2238	0.15
2239	0.15
2240	1.704361
2241	0.492184
2242	0.395735
2243	0.15
2244	0.178897
2246	0.757784
2247	0.340042
2249	0.15
2250	0.15
2251	1.816799
2252	1.311508
2253	0.581197
2254	0.15
2255	0.15
2256	2.576081
2257	0.871491
2258	0.634581
2259	0.15
2260	0.15
2261	0.15
2262	0.15
2264	1.307369
2265	0.15
2266	0.15
2267	0.15
2268	0.15
2269	0.15
2270	0.15
2272	0.15
2273	0.869422
2274	0.15
2276	1.297107
2277	0.26907
2278	0.15
2280	0.15
2281	0.289373
2282	0.15
2283	0.15
2285	3.688955
2286	0.15
2287	0.15
2288	0.15
2289	1.46686
2290	1.124147
2291	0.15
2292	0.15
2293	0.15
2294	0.655972
2295	0.15
2296	0.15
2297	1.920435
2298	0.15
2299	0.15
2300	0.15
2301	0.15
2302	0.15
2304	0.15
2305	0.2775
2306	0.15
2307	1.105796
2308	0.15
2309	0.15
2310	0.15
2311	0.15
2312	0.15
2313	0.15
2314	0.15
2315	0.15
2316	0.15
2317	0.15
2318	0.15
2319	0.15
2320	0.15
2321	0.15
2322	1.291415
2323	2.931606
2324	1.191145
2325	1.106462
2326	0.844553
2328	6.058591
2329	0.47837
2330	0.15
2331	0.15
2332	0.484436
2333	0.694456
2334	0.15
2335	0.15
2336	0.15
2337	0.15
2338	0.79966
2339	1.307215
2340	0.679584
2341	0.653212
2342	0.291703
2343	0.15
2344	0.15
2345	0.579556
2346	0.15
2348	0.375779
2349	0.15
2350	0.507177
2351	0.15
2352	0.15
2353	0.15
2354	2.028121
2355	0.15
2356	0.653103
2357	0.15
2359	0.15
2360	0.15
2361	0.15
2362	0.346401
2363	0.15
2364	1.102702
2365	0.2775
2366	0.265795
2367	0.15
2368	0.15
2369	0.839495
2370	0.15
2371	1.385907
2372	0.15
2373	0.15
2374	0.15
2375	1.045458
2376	0.237642
2378	0.193589
2379	0.15
2380	0.15
2381	1.210176
2382	0.15
2384	1.007071
2385	0.548095
2386	0.426651
2387	0.15
2388	0.15
2389	0.15
2390	0.15
2391	0.15
2392	0.15
2393	0.15
2394	0.15
2395	0.15
2396	0.15
2397	1.333729
2398	7.750193
2399	0.15
2400	0.771869
2401	0.15
2402	0.15
2403	0.15
2404	0.15
2405	0.15
2406	0.15
2407	0.15
2409	0.612175
2410	0.988112
2411	2.00534
2412	0.15
2413	0.15
2414	0.15
2415	0.15
2416	0.672942
2417	0.15
2418	0.15
2419	0.15
2420	0.295714
2422	0.241748
2423	0.161957
2424	0.15
2425	0.316979
2426	0.358309
2427	0.15
2428	0.15
2429	0.15
2433	1.925273
2434	0.15
2435	1.310051
2437	0.15
2438	0.15
2439	0.15
2440	1.172179
2441	0.15
2442	0.15
2443	0.15
2444	0.15
2445	0.15
2446	0.15
2447	0.15
2448	0.15
2449	0.15
2450	0.15
2451	0.15
2452	0.15
2453	0.15
2454	0.15
2455	0.15
2456	1.314936
2457	0.15
2458	0.15
2459	0.15
2460	0.15
2461	0.15
2462	0.15
2463	0.15
2464	0.15
2465	0.15
2466	0.15
2467	0.15
2469	0.15
2470	7.498073
2471	0.15
2472	0.15
2473	0.15
2474	1.655317
2475	0.727575
2476	0.15
2477	0.15
2478	0.15
2479	0.595657
2480	0.15
2481	0.15
2482	0.15
2484	0.30147
2485	3.058779
2487	0.15
2488	0.15
2489	0.15
2490	1.158269
2491	0.15
2492	0.15
2493	0.15
2494	0.15
2495	0.15
2496	0.15
2497	0.15
2498	0.15
2499	0.804332
2500	0.15
2501	0.485976
2502	0.15
2503	0.15
2504	2.326645
2505	0.15
2506	1.693004
2507	0.770696
2508	2.440408
2509	0.15
2510	1.039905
2511	0.784803
2512	0.15
2513	0.15
2514	0.15
2515	0.15
2516	2.395092
2517	1.970523
2518	0.15
2519	0.15
2520	0.15
2521	0.15
2522	0.15
2523	0.15
2524	0.15
2526	0.15
2527	0.15
2528	0.15
2529	0.15
2530	0.15
2531	0.15
2534	0.15
2535	4.950253
2536	0.15
2537	0.15
2538	0.15
2540	0.15
2541	0.15
2542	1.322262
2543	0.15
2544	1.263653
2545	0.15
2546	0.15
2547	0.951698
2548	0.15
2549	0.15
2550	1.022142
2551	0.15
2552	0.22716
2555	0.15
2556	0.15
2557	0.15
2558	0.15
2559	0.15
2560	0.897418
2561	0.15
2562	0.15
2563	0.15
2564	0.15
2565	4.608514
2566	0.15
2567	0.15
2568	0.15
2569	0.15
2570	0.638144
2571	0.413548
2572	0.15
2573	0.15
2574	0.15
2575	0.618792
2576	3.387031
2577	0.15
2578	0.15
2579	0.713594
2580	0.53796
2581	0.15
2582	0.15
2583	0.15
2584	0.15
2585	2.215368
2586	0.15
2587	1.078259
2589	0.459569
2591	0.325543
2592	0.817853
2593	1.762721
2594	2.622687
2595	1.039728
2596	0.15
2597	0.574553
2598	0.15
2599	0.471872
2603	0.15
2604	0.450402
2605	0.533581
2606	0.15
2607	0.35387
2608	0.15
2609	0.15
2610	0.15
2611	0.15
2612	0.815013
2613	0.15
2614	0.15
2615	0.15
2616	0.15
2617	0.581515
2618	0.614569
2619	1.771211
2620	1.078072
2621	0.15
2623	0.715831
2624	0.15
2625	9.755659
2626	0.15
2627	0.15
2628	0.15
2629	0.288003
2630	0.15
2631	0.15
2632	0.15
2633	0.15
2634	0.15
2635	0.15
2636	0.15
2637	0.15
2638	0.402711
2639	0.15
2640	0.15
2641	0.15
2642	0.15
2643	3.33108
2644	0.15
2645	0.293707
2646	1.054715
2647	0.28694
2648	0.15
2649	0.15
2650	0.387695
2651	3.264269
2652	0.539448
2653	2.171368
2654	5.249662
2655	1.12377
2656	0.15
2657	4.05595
2658	1.860647
2659	0.15
2660	2.00435
2661	0.15
2662	1.037555
2663	0.15
2664	0.15
2665	1.530756
2667	1.424755
2668	0.15
2669	0.733936
2670	0.222998
2671	0.15
2672	0.171384
2673	0.15
2674	0.974435
2675	0.15
2676	0.15
2677	0.15
2678	0.151314
2679	0.155724
2680	0.15
2682	0.15
2683	0.15
2684	0.15
2685	0.930533
2686	1.462307
2687	0.639484
2688	0.15
2689	0.686513
2690	0.15
2691	0.15
2692	0.15
2693	1.596647
2694	0.15
2695	0.15
2696	0.815516
2697	1.249285
2698	0.15
2699	0.15
2700	0.744135
2701	0.15
2702	0.15
2703	0.15
2704	0.15
2705	0.15
2706	0.15
2707	1.355904
2708	0.909305
2709	0.15
2711	0.15
2713	0.75579
2715	0.15
2716	0.15
2717	0.15
2718	0.15
2719	0.15
2720	0.352154
2721	0.492443
2722	0.15
2723	0.15
2724	0.698578
2725	0.15
2727	1.494653
2728	0.15
2729	0.15
2730	0.15
2731	0.15
2733	0.15
2734	0.15
2736	0.397137
2737	0.15
2738	0.15
2739	0.15
2740	0.15
2741	0.15
2744	0.15
2746	3.160642
2747	1.462334
2748	0.15
2749	0.15
2751	0.34921
2752	0.15
2753	0.15
2754	0.744725
2755	0.15
2757	0.15
2758	0.15
2759	0.15
2760	1.032915
2761	0.15
2762	0.15
2763	1.238405
2764	0.958916
2765	0.643798
2766	0.15
2767	0.15
2768	0.584057
2769	0.15
2770	1.0779
2771	0.15
2772	0.15
2773	0.15
2774	1.965942
2775	2.323828
2776	0.15
2777	0.633364
2778	0.15
2779	0.15
2780	0.15
2781	1.004654
2782	0.15
2783	0.15
2784	0.15
2785	2.047437
2786	0.15
2787	0.951055
2788	0.15
2789	0.15
2790	2.411955
2791	0.15
2792	0.15
2793	0.15
2794	0.969745
2796	0.15
2797	0.361963
2798	0.156698
2799	0.849881
2801	0.767814
2802	0.15
2803	0.15
2804	0.15
2805	0.820654
2807	0.15
2808	0.15
2809	0.883428
2811	0.801531
2813	0.15
2814	1.186229
2815	0.731536
2817	0.15
2818	0.277776
2819	0.756491
2821	0.570325
2822	1.690741
2823	0.15
2824	0.15
2825	0.735212
2826	0.15
2827	0.15
2828	0.576885
2830	0.911828
2831	1.259057
2832	0.15
2833	0.15
2834	0.640814
2835	0.15
2838	0.470261
2839	0.15
2840	0.15
2841	0.15
2842	0.15
2843	0.198966
2844	0.363264
2845	0.15
2846	0.15
2847	0.15
2848	0.15
2849	0.15
2850	0.15
2851	1.536209
2852	0.15
2853	0.15
2855	0.15
2856	1.408371
2857	0.15
2858	0.15
2859	2.878784
2860	0.15
2861	0.15
2862	0.15
2863	0.15
2864	0.15
2865	0.15
2866	0.15
2867	0.15
2868	0.15
2869	0.15
2870	0.15
2871	3.161186
2872	0.15
2875	0.15
2876	0.15
2877	2.162393
2879	0.15
2880	1.238858
2881	0.15
2882	0.15
2883	0.15
2884	0.15
2885	0.15
2886	0.15
2887	0.15
2888	0.15
2889	0.15
2890	0.15
2891	0.15
2892	0.15
2893	0.15
2894	0.15
2895	0.15
2896	0.15
2898	0.15
2899	0.15
2900	1.544585
2901	0.15
2902	0.662019
2903	0.15
2904	0.15
2905	0.15
2906	0.15
2907	0.15
2908	0.15
2909	1.19783
2910	0.242027
2912	0.696137
2913	0.15
2914	0.313686
2916	0.15
2917	0.718579
2918	0.625417
2919	0.15
2921	0.15
2922	0.851743
2923	1.56739
2924	0.15
2925	0.47496
2926	0.353064
2928	0.448098
2929	0.15
2930	0.15
2931	0.15
2932	0.935853
2933	0.15
2935	0.15
2936	0.15
2938	0.15
2939	0.15
2940	1.876576
2941	0.15
2944	0.15
2945	0.15
2946	0.780336
2947	0.15
2948	0.15
2949	0.15
2950	0.15
2951	0.550337
2952	0.15
2953	0.15
2954	0.15
2955	1.301274
2956	0.18019
2957	0.15
2958	3.443156
2960	0.15
2961	0.15
2962	0.15
2963	1.41852
2964	0.15
2965	0.15
2966	0.587088
2967	0.15
2968	0.713022
2969	0.15
2970	0.15
2971	0.15
2972	0.911736
2973	1.180635
2974	0.705672
2975	0.15
2976	0.15
2977	0.593316
2978	0.15
2979	0.337567
2980	0.15
2981	0.791253
2982	0.15
2983	0.15
2985	0.15
2986	0.15
2987	0.15
2988	0.15
2989	0.15
2990	0.317509
2991	1.296134
2992	0.15
2993	0.847511
2994	0.15
2995	0.15
2996	0.765227
2998	0.15
2999	0.936526
3000	0.481721
3001	0.15
3002	0.833083
3003	0.15
3004	0.15
3005	2.54575
3006	0.15
3007	1.138253
3008	0.15
3009	0.769193
3010	2.159248
3011	0.15
3012	0.15
3013	0.15
3014	1.62755
3015	0.773104
3016	0.15
3017	0.15
3018	1.297023
3019	0.15
3020	1.022533
3021	0.698935
3022	0.15
3023	0.186616
3024	2.322272
3025	0.15
3026	2.390338
3027	1.644034
3028	1.361481
3029	0.789415
3030	1.970503
3031	0.15
3032	0.15
3033	0.860273
3034	2.908572
3035	0.15
3036	0.161848
3037	0.15
3038	0.15
3039	0.15
3040	0.15
3041	0.15
3042	0.15
3043	0.15
3044	0.15
3046	0.15
3047	0.15
3048	0.15
3049	0.15
3050	0.593505
3051	0.15
3052	0.15
3053	0.15
3054	0.15
3055	0.15
3056	0.920615
3057	0.15
3059	1.426586
3060	0.15
3061	0.15
3062	0.15
3063	0.15
3066	0.15
3068	0.427053
3070	0.15
3071	0.15
3072	0.15
3073	0.429753
3074	0.15
3075	0.15
3076	0.15
3077	0.15
3078	0.15
3080	0.218612
3081	0.15
3082	0.312206
3083	0.15
3084	3.516097
3085	0.15
3086	0.15
3087	0.15
3088	0.15
3089	5.056629
3090	0.15
3091	0.15
3092	1.012702
3093	0.15
3094	0.15
3095	0.15
3096	0.15
3097	0.15
3098	0.15
3099	0.947499
3101	0.15
3102	0.15
3103	1.155634
3104	0.800438
3105	0.151063
3106	1.056539
3107	0.15
3108	0.15
3109	0.235418
3110	0.15
3111	0.15
3112	0.15
3113	0.15
3114	0.740993
3115	0.15
3117	3.398216
3118	0.15
3119	0.15
3120	0.15
3123	0.15
3124	0.15
3125	1.735625
3126	0.562768
3127	0.15
3128	0.15
3129	0.15
3130	2.115792
3131	0.15
3132	0.15
3133	0.15
3134	0.15
3135	0.15
3136	1.923417
3137	0.15
3138	0.195574
3140	2.260056
3142	0.15
3143	0.15
3144	0.949162
3145	0.593561
3146	0.15
3147	0.15
3148	0.966969
3149	0.15
3150	0.639803
3151	0.15
3152	0.15
3153	0.15
3154	0.15
3155	0.252969
3156	0.15
3158	0.15
3159	0.15
3160	0.15
3162	0.15
3163	0.15
3164	1.300844
3165	0.15
3166	0.15
3167	0.15
3168	0.15
3169	0.15
3171	0.406675
3172	0.15
3173	0.956859
3174	0.15
3175	0.15
3176	0.15
3180	0.865012
3181	0.15
3182	0.15
3183	0.15
3184	0.15
3185	0.15
3186	0.15
3187	0.15
3188	0.15
3189	0.15
3190	0.15
3191	0.793459
3192	2.896302
3193	0.323645
3194	0.15
3195	0.2775
3196	0.15
3197	0.15
3198	0.15
3199	0.15
3200	0.703538
3201	1.145148
3202	0.15
3203	0.15
3204	0.15
3205	0.198384
3206	0.15
3207	0.15
3208	0.15
3209	0.15
3210	0.15
3211	0.15
3212	0.15
3213	0.15
3214	0.15
3215	0.15
3216	0.15
3217	0.15
3218	0.15
3219	0.15
3220	0.15
3221	0.15
3222	0.15
3223	0.15
3224	0.15
3225	0.15
3226	0.15
3227	0.15
3228	0.15
3229	0.15
3230	0.15
3231	0.15
3232	0.15
3233	0.15
3234	0.15
3235	0.96997
3237	0.173711
3238	2.943254
3239	0.15
3240	0.15
3241	0.15
3242	0.15
3243	0.863894
3244	0.15
3245	0.2775
3246	0.15
3247	0.15
3248	0.15
3249	0.15
3250	0.15
3251	0.62348
3252	0.15
3253	1.175947
3255	0.212198
3256	0.195425
3257	0.15
3258	1.024495
3259	0.15
3260	2.212933
3261	0.15
3262	0.15
3263	0.15
3264	0.15
3265	2.17592
3266	0.200292
3267	0.15
3268	0.15
3269	0.15
3270	0.15
3271	0.216583
3272	0.15
3273	0.15
3274	0.702226
3275	0.15
3276	1.651138
3277	0.15
3278	0.15
3279	0.15
3280	0.15
3281	0.15
3282	0.15
3284	1.446367
3285	0.253671
3288	0.15
3290	0.15
3291	1.479637
3292	0.15
3293	1.199584
3294	0.15
3296	0.15
3297	0.42897
3298	0.15
3299	0.15
3300	0.15
3301	0.344529
3302	0.15
3303	0.15
3304	0.15
3305	0.15
3306	0.15
3307	1.863801
3309	0.895522
3310	0.62361
3311	0.15
3312	0.15
3313	0.377794
3314	0.15
3315	0.15
3316	0.15
3317	0.15
3318	0.15
3319	0.423102
3320	0.860503
3321	2.362075
3322	0.15
3323	0.15
3324	0.349446
3325	0.15
3326	0.15
3331	0.15
3332	0.15
3333	0.15
3334	4.922793
3335	0.15
3338	0.547879
3339	0.15
3340	0.15
3341	0.15
3342	0.15
3343	0.15
3344	0.15
3345	0.15
3346	0.857449
3348	1.291024
3349	0.15
3350	0.15
3351	0.966545
3352	5.30009
3353	0.15
3354	0.15
3355	0.15
3356	0.15
3357	0.15
3358	0.15
3359	0.15
3360	0.15
3361	0.15
3362	0.15
3363	0.166712
3366	0.15
3367	0.15
3368	0.15
3369	0.15
3370	0.15
3371	1.546672
3373	0.15
3374	0.15
3375	0.15
3376	0.447359
3377	0.15
3378	0.15
3379	0.15
3380	0.15
3381	0.653047
3382	0.15
3383	0.15
3384	0.15
3385	0.15
3386	0.15
3388	0.15
3389	0.15
3390	0.15
3391	0.15
3392	0.15
3393	0.88547
3394	1.931094
3395	0.15
3396	0.15
3397	0.15
3398	0.15
3399	0.15
3400	0.15
3401	0.15
3402	0.15
3403	0.15
3404	1.133924
3405	0.15
3406	0.15
3407	0.15
3408	2.694981
3409	0.215621
3410	0.274012
3411	0.15
3412	0.15
3416	0.15
3417	1.103164
3418	0.15
3422	0.15
3423	0.15
3424	0.15
3425	0.15
3426	0.15
3427	0.15
3429	0.199652
3433	0.806332
3434	0.15
3435	0.688841
3436	0.15
3437	0.15
3438	0.15
3439	2.223454
3440	0.15
3441	0.15
3443	3.157262
3444	0.15
3445	0.15
3446	0.300251
3447	1.087136
3448	0.15
3449	0.15
3450	0.15
3451	0.15
3452	1.090465
3453	1.561431
3454	2.170286
3455	0.608941
3456	4.209477
3457	0.15
3458	0.837858
3459	3.735454
3460	1.404613
3461	0.476784
3462	0.15
3463	0.404681
3464	0.502752
3465	0.196262
3466	0.15
3467	0.15
3468	0.15
3469	0.15
3470	0.15
3471	0.15
3472	0.15
3473	1.287412
3475	0.15
3477	0.15
3478	0.15
3479	0.925688
3480	1.702442
3481	0.15
3482	0.15
3483	0.654052
3486	0.291848
3487	0.15
3488	0.15
3489	0.903225
3490	0.15
3491	0.15
3492	0.15
3493	0.15
3494	0.15
3495	0.15
3496	0.15
3497	0.15
3498	2.814768
3499	0.15
3500	0.15
3504	0.15
3506	0.401271
3508	0.15
3509	0.15
3510	0.15
3511	0.15
3512	0.15
3513	0.15
3514	0.15
3515	0.15
3516	2.095118
3518	0.15
3519	0.15
3520	0.437767
3521	0.15
3522	0.15
3523	0.15
3524	0.15
3525	0.15
3526	0.15
3527	0.15
3528	0.15
3529	1.50361
3530	0.15
3531	0.15
3532	0.15
3535	0.15
3536	0.15
3537	3.399718
3538	0.359324
3539	0.15
3540	0.15
3541	0.931578
3542	0.15
3543	0.15
3544	0.15
3545	0.15
3547	0.225839
3548	0.658837
3549	0.234374
3550	0.15
3551	0.15
3552	0.15
3553	0.15
3554	0.504932
3555	0.428111
3556	0.299017
3557	1.040441
3558	0.15
3560	0.15
3561	0.15
3562	3.500384
3563	0.15
3564	0.15
3565	0.15
3566	0.15
3567	0.412532
3568	3.124599
3569	0.15
3571	0.15
3576	0.529444
3577	0.15
3578	0.15
3579	0.15
3580	1.389181
3581	0.15
3582	0.15
3583	0.15
3584	0.15
3585	0.15
3586	2.119749
3587	1.355714
3589	0.15
3590	0.15
3591	0.2775
3592	0.169651
3593	0.15
3594	0.15
3595	0.15
3596	0.15
3597	0.15
3598	0.15
3599	0.15
3600	0.15
3601	0.15
3602	0.15
3603	0.15
3604	0.15
3605	0.15
3606	0.15
3607	1.303207
3609	0.38833
3610	0.15
3611	0.15
3613	0.15
3614	0.64444
3615	1.9921
3616	0.464542
3617	0.151028
3618	0.15
3619	0.15
3620	0.15
3621	0.15
3622	0.15
3623	0.197734
3624	0.15
3625	0.15
3628	0.15
3629	0.620001
3630	0.15
3631	1.527964
3632	0.15
3633	0.15
3634	2.013794
3635	1.162969
3636	0.15
3637	0.15
3638	0.15
3639	0.15
3640	0.15
3641	0.15
3642	0.15
3643	1.881821
3645	1.930689
3646	0.495484
3647	0.15
3648	0.15
3649	0.15
3650	2.436932
3651	0.15
3652	0.15
3653	0.15
3654	0.15
3655	0.15
3656	0.15
3657	0.15
3658	0.15
3659	0.15
3660	0.886235
3661	0.709565
3662	0.15
3663	0.15
3664	0.814838
3665	0.15
3666	0.15
3667	0.15
3668	0.15
3669	0.326016
3670	0.501019
3671	0.233321
3673	0.15
3674	0.15
3675	0.15
3676	0.15
3677	0.15
3678	0.15
3679	0.15
3680	1.128137
3681	0.539114
3682	0.15
3683	0.15
3684	0.15
3685	0.15
3686	0.15
3687	0.15
3688	0.15
3689	0.15
3690	0.15
3691	0.74505
3692	0.15
3693	0.15
3694	0.15
3695	0.15
3696	0.15
3697	0.15
3698	0.15
3700	0.15
3701	0.22225
3702	0.15
3703	0.15
3704	0.15
3705	0.15
3706	0.15
3707	0.15
3708	0.21375
3709	0.15
3711	0.15
3712	0.15
3713	0.442131
3714	0.15
3715	0.15
3717	1.609364
3718	0.15
3719	0.15
3720	1.302973
3722	0.15
3723	0.15
3724	0.921203
3725	0.15
3726	0.638587
3727	0.15
3728	0.15
3729	0.15
3730	0.15
3731	0.15
3733	0.15
3735	0.15
3737	0.201479
3742	0.15
3743	0.15
3744	0.15
3745	0.344798
3746	0.15
3747	0.15
3748	1.613339
3749	0.15
3750	0.15
3751	0.15
3752	1.087632
3753	0.15
3754	0.15
3755	3.153294
3757	0.15
3758	0.15
3759	0.15
3760	0.15
3761	0.15
3762	0.15
3763	0.15
3764	0.15
3765	0.15
3766	0.15
3767	0.15
3769	0.68163
3770	0.668512
3771	0.15
3772	0.411906
3774	0.15
3775	0.15
3776	1.11655
3777	0.15
3779	0.15
3780	0.15
3781	0.15
3782	0.15
3783	0.15
3784	0.15
3785	0.367329
3786	0.15
3787	0.872573
3788	0.15
3791	0.15
3792	1.751088
3794	0.15
3795	0.15
3796	2.137569
3797	0.296349
3798	0.15
3799	0.15
3800	1.115509
3801	0.15
3802	0.15
3803	0.942375
3804	0.474057
3805	0.15
3806	1.070098
3807	0.874667
3808	0.410018
3809	0.452806
3810	0.15
3811	0.553597
3812	1.4363
3813	1.082812
3814	0.15
3815	0.15
3816	0.364358
3817	0.15
3819	0.15
3821	0.15
3822	0.3726
3823	0.15
3824	0.15
3825	0.160749
3827	0.15
3829	0.15
3830	1.289639
3832	0.156664
3833	0.15
3834	0.15
3835	0.833176
3836	0.15
3837	0.15
3839	0.15
3840	0.15
3841	0.15
3842	0.484259
3843	1.096212
3844	0.15
3845	0.15
3847	1.291452
3848	0.15
3849	0.361367
3850	0.15
3851	0.15
3854	0.780101
3855	0.15
3856	0.316781
3858	0.15
3862	0.15
3863	0.15
3864	0.15
3865	0.15
3867	0.254019
3869	0.15
3870	0.15
3871	0.827286
3872	0.15
3873	2.16034
3875	0.348486
3876	0.15
3877	0.15
3878	0.15
3880	0.168608
3881	0.15
3882	0.15
3883	0.15
3885	0.730623
3886	0.15
3887	1.05845
3888	0.26694
3889	0.15
3890	0.15
3891	0.15
3892	1.947166
3893	0.215776
3894	0.15
3895	0.15
3896	0.15
3897	3.265251
3898	2.854434
3900	0.15
3901	0.15
3902	0.15
3903	1.154057
3904	0.15
3905	0.15
3906	0.15
3907	0.15
3908	0.165779
3909	0.15
3910	1.492259
3911	0.248693
3912	0.226748
3914	0.390538
3916	0.15
3917	0.15
3918	0.15
3919	0.812985
3920	0.15
3921	0.216926
3922	0.519942
3923	0.15
3924	0.15
3925	0.15
3926	0.861429
3927	0.15
3928	0.15
3929	0.15
3930	0.15
3931	0.15
3932	0.15
3933	0.330299
3935	0.15
3936	0.15
3937	0.93816
3939	0.304795
3941	0.15
3942	0.494058
3943	0.15
3944	0.15
3945	0.15
3946	1.201729
3947	0.15
3948	0.15
3949	0.207795
3952	0.15
3953	0.15
3954	0.15
3955	0.15
3956	0.812293
3957	0.15
3958	1.52889
3959	0.15
3960	0.15
3961	0.15
3962	2.485357
3963	0.15
3964	0.15
3965	0.15
3966	0.15
3967	0.730165
3968	0.15
3969	0.471225
3970	1.47947
3971	0.225464
3973	0.355854
3974	0.199905
3976	3.009481
3977	0.15
3978	0.15
3979	0.15
3980	0.249386
3981	0.15
3982	0.15
3983	0.15
3984	0.15
3985	0.15
3986	0.15
3987	0.15
3989	0.15
3990	0.15
3991	0.15
3992	0.15
3995	0.15
3997	0.15
3998	0.15
3999	0.33333
4000	0.15
4001	0.15
4005	0.15
4006	0.15
4007	0.15
4008	0.15
4009	0.233231
4010	0.15
4011	2.178106
4012	0.22075
4013	0.769889
4014	0.208129
4015	0.15
4016	0.15
4019	0.15
4020	0.15
4021	1.3578
4023	0.15
4024	0.695722
4025	0.15
4026	0.15
4027	0.15
4028	0.15
4030	0.352977
4031	0.272665
4034	0.15
4035	0.15
4036	0.15
4037	13.687812
4038	0.15
4039	0.15
4040	1.855136
4041	2.2329
4042	0.15
4043	0.871958
4044	0.914016
4045	0.15
4046	0.15
4047	0.220392
4048	0.15
4049	0.71541
4050	0.15
4051	0.705708
4053	0.15
4055	1.275764
4056	0.15
4057	0.15
4058	0.265063
4059	0.15
4061	0.15
4062	0.15
4063	0.15
4064	0.15
4065	0.621871
4066	0.15
4067	0.15
4068	0.179732
4069	0.15
4070	0.15
4071	2.311463
4072	1.18306
4073	0.15
4074	0.15
4075	0.15
4076	0.15
4077	0.15
4078	0.461434
4079	0.15
4080	0.15
4082	0.15
4083	0.15
4085	0.15
4086	0.278036
4088	0.326087
4089	0.15
4090	0.15
4091	0.15
4092	0.15
4093	0.15
4095	0.15
4096	0.15
4097	0.15
4098	1.132674
4099	2.833735
4100	0.15
4103	1.013621
4104	0.15
4105	0.15
4106	0.15
4107	0.15
4108	0.15
4109	0.15
4110	3.257618
4111	0.265216
4116	0.15
4117	0.290133
4119	0.15
4120	0.15
4121	0.15
4122	0.15
4123	0.15
4124	1.942255
4125	0.15
4126	0.15
4127	0.492196
4128	0.15
4129	0.15
4130	0.15
4131	0.15
4132	0.15
4133	0.15
4134	0.722128
4135	0.15
4136	0.15
4137	0.15
4138	1.855058
4139	0.15
4140	0.15
4141	0.15
4142	0.15
4143	0.15
4144	0.15
4145	0.15
4146	0.15
4147	0.15
4148	0.15
4149	0.15
4150	0.15
4151	0.15
4152	0.15
4153	0.15
4154	0.15
4155	0.15
4159	0.15
4162	1.075574
4163	0.15
4164	0.15
4165	0.15
4166	0.15
4167	0.15
4168	0.2775
4169	0.15
4170	0.15
4171	0.378454
4173	0.491571
4174	0.15
4175	1.570969
4176	0.15
4177	0.15
4178	0.15
4179	2.000263
4180	0.15
4181	0.62155
4183	0.342877
4184	0.15
4185	0.15
4186	0.15
4187	0.15
4188	0.17223
4189	0.742778
4190	0.15
4191	6.737735
4192	0.15
4194	0.15
4195	0.15
4197	0.15
4198	0.15
4199	1.284221
4200	0.15
4201	1.910482
4202	0.15
4203	0.15
4204	0.15
4205	0.15
4206	0.15
4207	0.15
4208	0.15
4209	0.15
4210	0.15
4211	0.227846
4212	1.366619
4213	0.15
4214	0.15
4215	0.15
4216	1.079575
4217	0.15
4218	0.677341
4219	1.281569
4220	0.501968
4221	0.15
4222	0.15
4223	0.15
4224	0.15
4225	0.15
4228	0.15
4229	0.15
4231	0.330069
4232	0.15
4233	1.239914
4234	0.726529
4235	0.328884
4236	0.15
4237	0.291667
4238	0.15
4240	0.15
4241	0.15
4242	0.15
4243	0.15
4244	0.15
4245	0.15
4246	0.15
4247	2.869732
4248	0.15
4249	0.15
4250	0.15
4251	0.15
4252	0.15
4254	0.217244
4255	0.15
4256	3.005419
4257	0.15
4259	0.15
4260	0.15
4261	3.819951
4263	1.194958
4264	0.15255
4265	0.197923
4266	1.715817
4267	0.15
4269	1.162175
4272	0.180244
4273	0.15
4274	0.15
4275	0.15
4276	0.593485
4277	0.15
4278	0.15
4279	0.15
4280	0.15
4282	0.15
4283	0.15
4284	0.15
4285	0.15
4289	0.777482
4290	1.251147
4291	0.15
4292	0.15
4295	0.15
4296	0.15
4297	1.153239
4298	0.97444
4299	1.524655
4303	0.166038
4304	0.15
4305	0.15
4306	0.15
4307	0.15
4308	0.15
4310	4.343561
4311	0.198329
4312	0.15
4313	0.15
4314	0.15
4315	1.218031
4316	0.15
4317	0.15
4318	0.15
4319	0.15
4320	0.15
4321	0.15
4322	0.15
4323	0.732581
4324	0.15
4325	0.15
4326	0.15
4327	0.15
4328	0.15
4329	0.15
4331	0.273461
4332	0.22598
4333	0.15
4334	0.15
4335	5.754071
4336	0.15
4337	0.15
4338	1.385146
4340	0.15
4341	0.837429
4342	0.15
4343	0.15
4344	0.15
4345	0.15
4346	0.15
4347	0.15
4348	0.15
4349	2.020565
4351	0.357775
4352	0.15
4353	0.15
4354	0.15
4355	0.345376
4357	0.15
4358	0.15
4359	0.190012
4360	0.15
4361	1.728252
4362	0.15
4363	0.15
4364	0.15
4365	1.338278
4366	0.15
4368	0.15
4369	0.15
4370	0.15
4371	0.15
4372	0.15
4373	1.592579
4375	0.15
4377	0.15
4378	0.15
4379	0.15
4380	0.15
4381	0.15
4382	0.15
4383	0.15
4384	1.52688
4385	0.333711
4386	0.356202
4389	0.153269
4393	0.15
4394	0.15
4395	0.15
4396	0.15
4397	0.15
4398	0.15
4399	0.15
4400	3.099273
4401	1.289249
4402	2.699837
4403	0.27731
4404	0.15
4405	0.15
4406	0.15
4407	0.15
4408	0.15
4409	0.15
4411	0.222375
4412	0.536161
4413	0.161591
4414	0.15
4415	0.15
4416	0.15
4417	0.901428
4418	0.15
4422	0.623272
4423	0.15
4424	1.190883
4425	0.15
4426	0.15
4427	0.15
4428	0.15
4429	0.15
4430	0.15
4431	0.15
4432	1.082493
4433	0.15
4434	0.15
4435	1.031815
4436	0.15
4437	0.15
4438	0.15
4439	0.15
4440	0.15
4441	0.361762
4442	0.15
4443	0.15
4444	0.15
4445	0.15
4446	0.15
4447	0.15
4448	1.717047
4449	0.15
4450	0.15
4451	0.15
4452	0.15
4453	0.993635
4454	0.15
4455	0.15
4456	0.15
4457	0.15
4458	0.15
4459	0.15
4460	0.15
4461	0.15
4462	0.15
4463	1.630544
4464	0.15
4465	0.15
4466	0.31241
4467	0.15
4468	0.542299
4469	0.15
4470	0.15
4471	0.321286
4473	0.15
4474	0.15
4475	0.15
4476	0.15
4477	0.15
4478	0.15
4479	0.15
4480	1.196139
4481	0.164633
4482	0.40717
4483	1.289384
4485	1.555646
4486	0.15
4487	0.15
4488	0.648713
4489	0.15
4490	0.15
4491	0.15
4492	0.15
4493	0.15
4494	0.15
4495	0.15
4496	0.15
4497	0.15
4498	0.15
4500	0.974144
4502	0.15
4503	0.15
4504	0.15
4507	1.105516
4508	0.15
4509	0.15
4510	1.692688
4511	0.15
4516	0.15
4521	0.150496
4523	0.15
4524	0.15
4526	0.15
4527	0.594841
4528	1.136696
4529	0.582061
4530	1.421811
4531	2.368025
4532	0.15
4533	0.15
4534	1.232616
4535	0.15
4536	3.162625
4538	0.15
4539	0.155795
4540	0.15
4541	0.2775
4542	0.15
4543	0.15
4544	0.227917
4545	0.15
4547	0.868606
4550	0.171438
4551	0.892729
4552	0.425309
4553	0.15
4554	0.15
4555	0.15
4556	0.15
4557	1.777318
4558	0.573467
4560	0.15
4561	0.420856
4562	0.400076
4563	0.15
4564	0.15
4565	0.15
4566	0.15
4567	0.15
4568	0.15
4569	0.15
4574	1.17067
4575	0.15
4576	0.15
4577	0.15
4578	1.790978
4580	0.170517
4581	0.15
4582	0.15
4583	0.39089
4584	0.370332
4586	0.15
4587	1.500088
4588	0.901985
4591	0.15
4592	0.15
4593	0.15
4594	0.15
4595	0.15
4596	0.15
4597	0.15
4598	0.15
4599	0.15
4600	3.180324
4601	0.15
4602	0.15
4603	0.15
4604	0.603117
4605	0.471571
4607	0.15
4608	0.15
4609	0.15
4611	0.15
4612	0.15
4613	0.628904
4615	0.15
4616	0.15
4617	0.15
4618	0.15
4619	0.15
4620	0.387971
4621	0.256047
4622	0.15
4623	0.15
4624	0.15
4625	0.453069
4626	0.15
4627	0.15
4629	0.15
4630	0.15
4631	0.328261
4632	1.198863
4633	0.15
4635	0.15
4636	0.15
4638	0.15
4639	0.316394
4640	0.15
4641	0.15
4644	0.15
4645	0.831006
4646	1.112833
4647	0.15
4648	0.320627
4649	0.15
4650	0.19359
4651	0.15
4652	0.15
4653	2.151875
4654	1.138716
4655	0.15
4658	0.339868
4659	0.15
4660	0.15
4661	2.64295
4662	0.758954
4663	0.15
4664	0.15
4665	0.15
4666	3.600619
4667	0.15
4668	0.15
4669	0.15
4670	0.15
4671	0.15
4672	0.15
4673	0.15
4674	0.15
4675	0.15
4677	0.404263
4678	0.38285
4681	0.15
4682	0.15
4683	0.15
4684	0.175064
4686	0.15
4687	3.174398
4688	0.15
4689	1.143113
4692	0.15
4693	0.15
4694	0.15
4695	0.15
4696	0.15
4697	0.15
4698	0.15
4699	0.15
4700	0.15
4701	0.15
4702	0.15
4703	0.15
4704	0.15
4705	0.15
4706	0.944003
4707	0.15
4708	0.15
4709	2.239244
4710	0.15
4711	0.15
4712	3.986717
4713	0.971263
4714	0.15
4715	0.830498
4716	0.15
4717	1.258069
4718	0.15
4719	1.284466
4720	0.15
4721	0.15
4723	0.15
4725	0.15
4726	0.15
4727	0.15
4728	0.586257
4733	0.15
4735	4.810613
4736	0.15
4737	0.15
4738	0.15
4739	0.15
4740	0.15
4741	0.15
4742	0.15
4743	0.15
4744	0.15
4745	0.15
4746	0.15
4748	0.709638
4749	0.15
4750	0.15
4751	0.15
4752	0.15
4753	0.15
4754	0.15
4755	0.15
4756	0.15
4757	0.15
4759	0.15
4760	0.15
4761	0.15
4762	0.15
4763	0.15
4764	0.669047
4765	0.15
4766	0.15
4767	0.15
4771	0.15
4773	0.15
4774	0.15
4776	0.41371
4777	1.067821
4778	0.718631
4779	0.246166
4780	1.156644
4781	1.40615
4782	0.15
4783	0.187356
4785	0.15
4786	0.486885
4787	0.15
4788	0.15
4789	0.15
4790	0.15
4791	1.456551
4792	1.871187
4793	0.15
4794	0.15
4795	1.512822
4796	2.809227
4797	0.700897
4798	2.037704
4799	0.15
4800	0.15
4801	0.15
4803	0.15
4804	0.15
4805	0.15
4806	0.15
4807	0.15
4808	1.22681
4809	0.177669
4810	0.15
4811	1.243899
4813	0.15
4814	0.520626
4815	0.204827
4816	0.15
4817	0.15
4818	0.15
4819	0.15
4820	0.931801
4821	0.15
4822	0.197246
4823	0.15
4824	1.21845
4825	0.15
4826	0.15
4827	1.989823
4828	3.864125
4829	0.15
4830	0.15
4831	0.39395
4832	0.15
4833	0.15
4834	0.15
4835	0.15
4836	0.15
4837	0.15
4838	0.15
4839	0.15
4840	0.15
4841	0.15
4842	0.15
4843	0.15
4844	0.15
4845	0.15
4846	1.299019
4847	0.15
4848	0.15
4849	0.15
4850	0.15
4851	0.15
4852	0.15
4853	0.15
4854	0.15
4855	0.15
4856	0.15
4857	0.15
4858	0.15
4859	0.15
4860	0.15
4861	0.15
4862	0.15
4863	0.15
4864	0.15
4866	0.21185
4867	0.15
4868	0.15
4869	0.15
4870	0.15
4871	0.15
4872	0.15
4873	0.15
4874	0.15
4875	5.567055
4876	0.349249
4879	0.310849
4880	0.154159
4881	0.15
4882	0.15
4883	0.15
4884	1.360613
4885	0.15
4886	0.678137
4887	0.174287
4889	0.15
4890	0.15
4891	0.15
4893	0.15
4894	0.15
4896	0.150464
4897	0.15
4898	0.15
4899	0.555338
4900	0.15
4901	0.15
4903	0.15
4904	0.15
4905	0.15
4906	0.15
4908	0.15
4909	0.15
4910	0.15
4911	0.15
4912	0.15
4913	0.15
4914	0.15
4915	0.15
4916	0.15
4917	0.15
4918	0.15
4919	0.15
4920	0.15
4921	0.15
4922	0.15
4923	0.15
4924	0.15
4925	0.15
4926	0.15
4927	0.15
4929	0.825634
4931	0.15
4932	0.15
4933	0.15
4934	0.288739
4935	0.15
4936	0.15
4937	0.15
4938	0.582451
4940	2.058202
4942	0.200063
4943	0.15
4944	0.686558
4945	0.15
4946	0.177582
4947	0.15
4948	0.15
4950	0.15
4951	0.15
4952	0.15
4953	0.889608
4954	0.195082
4957	0.15
4960	0.15
4962	0.88656
4963	0.15
4964	1.126724
4965	0.15
4966	0.289353
4967	0.15
4969	0.15
4970	0.15
4971	0.15
4972	0.15
4973	0.15
4974	0.15
4975	0.15
4976	0.15
4977	0.952942
4978	0.15
4979	0.15
4980	1.032578
4981	2.792079
4982	0.15
4983	2.805048
4985	0.15
4986	1.119259
4987	0.582904
4988	0.15
4989	0.15
4991	0.206554
4992	0.342371
4993	0.36371
4994	0.995833
4995	0.15
4996	0.15
4999	1.465614
5000	0.15
5001	0.15
5002	2.395022
5003	0.15
5005	0.15
5006	0.15
5008	0.15
5009	0.15
5010	0.15
5011	0.15
5012	0.721791
5013	0.15
5015	0.15
5016	0.15
5017	0.15
5018	0.15
5019	0.15
5020	2.046834
5022	3.291652
5024	0.15
5026	0.808305
5028	1.546145
5029	0.15
5031	0.15
5032	0.15
5033	0.377672
5035	0.15
5036	0.15
5037	1.53381
5038	0.15
5039	0.15
5040	0.15
5043	0.299188
5044	0.265781
5045	0.259051
5046	0.15
5047	0.15
5048	0.15
5050	0.15
5051	0.15
5052	0.15
5053	0.15
5054	0.15
5055	2.03926
5057	0.15
5058	0.54972
5059	0.15
5060	0.15
5061	1.325569
5062	0.15
5063	0.15
5064	0.778465
5065	0.15
5067	0.15
5068	0.15
5069	0.15
5070	0.15
5071	0.15
5072	1.390814
5073	1.148743
5075	0.189268
5077	0.15
5078	0.15
5079	3.859786
5080	0.15
5081	0.15
5083	1.155395
5084	0.15
5085	0.15
5086	0.15
5087	0.15
5088	0.15
5089	0.15
5090	0.15
5091	0.15
5092	1.247399
5093	0.15
5095	0.15
5096	1.393252
5097	0.15
5098	0.15
5099	0.15
5100	1.365174
5102	0.15
5103	1.0186
5104	0.15
5105	0.15
5106	1.185674
5109	0.15
5110	0.15
5111	0.15
5112	0.15
5114	0.15
5115	0.291923
5116	0.15
5117	0.15
5118	0.15
5119	0.15
5120	0.243799
5121	1.036733
5122	0.15
5123	3.460833
5124	0.15
5125	0.15
5126	0.15
5127	0.15
5128	0.15
5129	0.15
5130	1.64868
5132	0.338964
5133	0.21615
5135	0.15
5136	0.15
5138	0.15
5139	0.15
5140	0.852992
5141	0.388333
5142	0.15
5143	0.15
5144	1.500838
5145	0.162104
5146	0.271207
5148	1.072925
5150	0.15
5151	0.15
5152	0.15
5153	0.15
5154	0.15
5155	0.746875
5158	0.15
5159	0.15
5160	0.15
5161	0.15
5162	1.848653
5163	0.15
5164	0.15
5166	0.15
5167	0.15
5171	0.15
5172	0.15
5173	0.15
5174	0.15
5175	0.15
5176	0.754197
5177	0.157083
5178	1.984855
5179	2.720617
5180	0.15
5181	0.15
5182	0.919691
5183	0.15
5184	0.15
5185	0.15
5186	0.15
5187	0.15
5188	1.068085
5189	1.24081
5190	0.15
5191	0.15
5192	0.15
5193	0.15
5194	0.15
5195	0.15
5196	0.15
5197	0.15
5198	0.15
5199	1.175692
5200	2.332612
5201	0.15
5202	0.15
5203	0.15
5204	1.565473
5207	0.15
5208	0.306393
5209	0.15
5210	3.803712
5213	0.15
5214	0.15
5215	0.951156
5216	0.15
5217	0.15
5218	0.15
5219	0.15
5220	0.15
5221	0.15
5222	1.281097
5224	0.15
5225	0.15
5226	2.414736
5227	0.15
5228	0.15
5229	0.15
5230	0.15
5231	1.073391
5232	0.15
5233	4.045827
5238	0.15
5239	0.806579
5240	0.194601
5241	0.15
5242	0.15
5243	0.15
5244	0.15
5245	0.696423
5246	0.644838
5247	0.15
5248	0.15
5249	0.15
5250	0.15
5251	0.15
5252	0.15
5253	0.436757
5254	6.387898
5255	0.411704
5260	0.230517
5261	0.15
5262	1.487942
5263	1.138241
5264	0.15
5265	0.15
5267	0.176535
5269	0.15
5271	0.241172
5273	1.052357
5274	0.443256
5275	0.15
5276	0.15
5277	0.15
5278	0.15
5280	0.15
5281	0.15
5282	0.15
5283	0.15
5284	0.15
5285	1.116099
5286	0.15
5287	0.15
5288	2.591814
5289	1.305368
5290	0.15
5291	0.15
5294	0.15
5295	0.903494
5296	0.2155
5298	0.290278
5299	0.15
5300	0.15
5301	1.551332
5303	0.176138
5305	1.46115
5306	0.196586
5308	0.333212
5309	0.222218
5310	0.172358
5311	0.315285
5312	0.266133
5313	0.15
5314	0.15
5315	0.15
5316	0.15
5317	0.15
5320	0.15
5321	1.973569
5322	0.15
5323	0.508126
5324	0.15
5326	0.325459
5327	0.805837
5328	0.15
5329	0.15
5330	0.15
5332	0.15
5333	0.15
5334	0.15
5335	1.487714
5336	0.15
5337	0.15
5339	0.15
5341	1.048789
5342	0.15
5343	0.15
5344	0.15
5345	0.15
5346	0.15
5347	0.15
5348	0.15
5350	0.23778
5351	0.191987
5352	0.15
5353	0.15
5354	0.31828
5355	0.15
5356	0.15
5357	0.15
5358	0.15
5360	0.15
5361	0.15
5362	0.171915
5363	0.227007
5364	0.209269
5365	0.15
5366	0.15
5367	0.15
5368	0.189828
5370	0.15
5371	0.15
5372	0.15
5373	0.15
5374	0.15
5375	1.192464
5376	0.15
5377	0.15
5378	1.374041
5380	0.15
5381	0.15
5382	0.15
5384	0.888422
5385	0.15
5386	0.15
5387	0.715874
5388	0.17036
5390	0.15
5391	0.15
5392	0.760308
5393	0.453526
5395	0.15
5396	0.15
5397	0.15
5398	0.15
5399	0.15
5400	0.15
5401	0.15
5404	4.052277
5405	0.15
5406	0.282838
5410	0.15
5412	5.70105
5413	0.15
5414	0.2775
5415	0.799868
5416	0.15
5417	0.400927
5418	0.15
5419	0.15
5421	0.773306
5422	0.15
5423	4.211732
5424	0.15
5426	0.206408
5427	0.15
5428	0.15
5429	0.15
5430	0.935425
5431	0.15
5432	1.254339
5434	0.193869
5435	0.15
5436	0.15
5437	0.721341
5438	0.15
5439	0.75136
5440	0.15
5442	0.170505
5445	2.168123
5446	0.15
5447	0.15
5448	0.15
5449	1.341851
5452	1.53285
5454	0.956673
5455	0.15
5456	0.15
5457	0.864709
5459	3.1184
5460	0.15
5461	0.15
5462	0.15
5463	1.026319
5465	0.765479
5466	1.084955
5467	0.21426
5468	0.15
5469	0.165795
5470	0.193867
5471	0.157539
5472	0.15
5473	0.15
5474	0.15
5475	0.15
5476	0.15
5477	0.15
5478	0.15
5479	1.87003
5480	0.15
5481	0.19883
5482	1.701048
5483	0.15
5484	4.584281
5485	0.15
5486	0.15
5487	0.585959
5488	0.15
5489	0.15
5490	0.15
5491	0.15
5494	0.15
5495	0.15
5496	0.15
5497	0.15
5499	0.939962
5500	0.501152
5501	0.15
5503	0.156273
5504	0.15
5505	0.15
5506	0.842427
5507	0.15
5508	0.15
5509	0.814345
5510	0.15
5511	0.71648
5512	0.15
5513	0.276778
5514	0.214133
5515	0.15
5516	0.15
5517	0.15
5518	0.15
5519	0.15
5520	0.15
5521	0.15
5522	0.15
5523	0.15
5524	2.57566
5525	0.15
5526	0.15
5527	0.896388
5528	0.15
5529	1.441197
5530	0.15
5531	0.15
5532	0.15
5533	0.168511
5534	0.15
5535	0.15
5536	0.15
5537	0.15
5539	0.39149
5540	0.15
5541	0.15
5542	0.15
5543	3.116881
5544	0.15
5545	1.608091
5548	0.15
5549	0.15
5550	0.15
5551	0.15
5552	0.15
5553	0.15
5554	0.15
5555	0.15
5558	0.15
5559	0.437773
5561	0.15
5562	0.15
5563	2.546723
5564	0.238347
5565	0.15
5566	0.15
5567	0.15
5568	0.747167
5569	0.201944
5570	0.181778
5571	0.15
5572	0.15
5573	0.15
5576	0.15
5577	0.15
5578	0.15
5579	0.15
5580	0.15
5581	0.15
5582	0.691365
5583	0.15
5584	0.709929
5587	0.15
5588	0.334532
5589	0.15
5590	0.15
5591	0.15
5592	0.577178
5594	0.15
5595	0.15
5596	1.940726
5598	0.15
5599	0.15
5600	0.15
5601	0.15
5602	0.15
5603	0.15
5604	0.15
5605	2.428024
5606	0.15
5607	0.15
5608	0.15
5609	0.15
5610	0.15
5611	0.15
5612	0.15
5613	0.15
5614	0.498109
5615	0.15
5616	0.15
5617	0.15
5620	0.403865
5622	0.15
5623	0.578011
5624	1.223164
5625	0.15
5626	0.521526
5627	0.15
5628	0.15
5629	0.15
5630	0.250214
5631	0.185848
5633	0.15
5635	0.261558
5636	0.15
5637	0.566645
5638	0.642051
5639	0.353719
5640	0.55035
5643	0.293826
5644	0.15
5645	0.15
5646	0.15
5647	0.15
5648	0.15
5649	0.15
5650	0.599849
5651	0.698694
5652	0.15
5653	0.15
5655	0.329127
5656	0.15
5657	0.15
5658	0.15
5659	0.15
5660	0.15
5661	0.15
5662	0.15
5663	0.221807
5664	0.22203
5665	0.169549
5666	0.15
5667	0.15
5668	0.15
5669	0.15
5670	0.15
5671	1.571476
5673	0.174781
5674	0.15
5675	0.15
5676	0.15
5678	0.15
5679	0.2775
5680	1.306565
5682	0.15
5683	1.425162
5684	1.128335
5685	0.15
5686	0.15
5687	0.15
5688	0.15
5689	0.15
5690	0.15
5691	0.15
5692	0.15
5693	1.792843
5694	0.463888
5695	0.15
5696	0.15
5697	2.036947
5698	0.15
5702	0.15
5703	0.15
5704	0.15
5705	0.382657
5706	0.197836
5707	0.15
5708	0.15
5709	0.293376
5710	0.15
5711	0.15
5712	0.15
5713	0.244803
5714	2.087331
5717	0.15
5718	0.15
5720	0.15
5721	0.721114
5722	0.15
5726	0.156375
5729	0.15
5730	0.15
5731	0.15
5732	0.782593
5733	0.15
5735	0.15
5737	0.696501
5738	1.172065
5739	1.112369
5740	0.199184
5741	0.15
5743	1.313131
5744	0.15
5745	0.674742
5746	0.15
5747	0.15
5748	0.15
5749	0.15
5750	0.15
5751	0.15
5752	0.15
5753	0.662218
5754	0.174815
5755	0.15
5756	0.419364
5757	0.345837
5760	1.754291
5761	0.15
5763	0.15
5764	0.15
5765	0.15
5766	0.15
5767	0.2775
5768	0.15
5769	0.15
5770	0.15
5771	0.15
5772	0.445278
5773	1.848617
5774	0.15
5775	1.114939
5776	0.675171
5778	0.204946
5780	0.987524
5781	0.15
5782	0.18713
5783	0.15
5784	0.38503
5785	0.15
5786	0.15
5787	0.15
5788	0.15
5789	0.15
5790	0.743025
5792	0.16723
5793	0.585648
5794	0.15
5796	0.15
5797	0.15
5798	0.846757
5799	1.196305
5800	2.308679
5801	0.374936
5802	0.655639
5803	0.15
5804	1.186525
5805	0.15
5806	1.729958
5807	1.04224
5808	0.15
5809	0.270933
5810	0.15
5811	0.986968
5812	1.076477
5813	0.15
5814	1.909606
5815	0.15
5816	0.15
5817	1.281366
5818	1.800955
5819	1.448544
5820	0.15
5821	0.15
5822	1.534936
5823	0.15
5824	0.874489
5827	0.783158
5828	1.169957
5829	1.569851
5830	0.339483
5832	0.184211
5833	0.15
5834	0.15
5835	0.491227
5836	0.15
5837	0.444672
5838	0.276338
5839	2.301525
5840	0.15
5841	0.15
5842	0.15
5844	0.804349
5846	0.15
5848	0.923962
5850	0.73399
5852	0.15
5853	0.15
5854	0.15
5855	0.15
5856	0.15
5857	0.15
5859	0.15
5860	0.283667
5861	0.15
5862	0.15
5863	0.752568
5864	0.15
5866	0.15
5868	0.15
5871	1.744681
5872	1.500581
5873	0.15
5874	0.15
5875	0.15
5876	0.15
5877	0.15
5878	0.15
5880	0.202411
5882	0.179419
5883	0.15
5884	0.15
5885	0.15
5886	1.512935
5887	0.334574
5888	0.15
5889	0.15
5890	0.15
5891	1.405059
5892	0.15
5895	0.15
5896	0.15
5897	1.234514
5899	0.15
5902	1.546986
5903	0.15
5907	0.15
5908	0.15
5909	0.15
5910	0.15
5911	0.15
5913	0.15
5914	0.15
5915	0.15
5916	0.15
5917	0.15
5919	0.15
5920	0.15
5921	0.15
5922	0.642608
5923	0.15
5924	0.15
5925	1.495424
5926	0.245181
5927	0.15
5928	0.785456
5930	0.15
5931	0.264503
5932	0.517487
5933	0.496964
5934	0.15
5935	0.15
5936	0.952867
5937	0.15
5938	0.15
5939	0.15
5940	0.15
5941	0.15
5942	0.15
5943	0.15
5944	0.15
5945	0.15
5946	0.15
5947	1.321801
5949	0.15
5950	0.803877
5952	0.15
5955	0.18093
5956	0.186194
5958	0.15
5959	0.15
5960	0.15
5961	0.15
5962	0.15
5963	2.37594
5964	0.15
5965	0.15
5966	0.15
5967	0.15
5969	0.961611
5970	0.15
5971	0.2775
5972	0.396518
5973	0.634448
5977	0.248671
5978	0.15
5980	0.46154
5981	0.15
5982	0.15
5983	0.15
5984	0.15
5985	0.15
5986	0.15
5987	0.15
5988	0.15
5989	0.15
5990	0.15
5991	0.354376
5992	0.15
5993	0.15
5994	0.813934
5995	0.15
5997	0.15
5998	0.751415
5999	0.15
6000	1.13655
6001	0.992035
6002	0.15
6003	0.15
6004	2.535956
6005	0.15
6006	2.875389
6007	0.15
6009	0.304268
6010	0.181069
6013	0.15
6014	0.15
6015	0.15
6016	0.15
6017	0.15
6018	0.15
6019	0.15
6020	0.15
6021	0.338341
6022	0.15
6023	0.65001
6024	0.15
6025	0.2775
6026	0.15
6027	0.248896
6028	0.15
6029	0.7466
6030	0.15
6031	0.15
6032	0.996667
6033	0.15
6034	0.15
6035	0.15
6036	0.15
6037	0.15
6038	0.15
6039	0.15
6041	0.223971
6042	0.15
6043	0.8727
6044	2.468516
6045	0.15
6046	0.15
6047	0.232958
6048	0.15
6049	0.15
6050	0.15
6051	0.15
6052	0.15
6053	0.15
6054	0.174234
6055	0.166597
6056	0.15
6057	0.15
6058	0.15
6059	0.658159
6060	0.15
6061	0.15
6062	0.15
6063	0.15
6064	0.15
6066	0.15
6067	0.15
6068	0.15
6069	0.15
6070	0.15
6071	0.15
6072	0.15
6073	0.15
6074	0.15
6075	0.15
6077	0.15
6078	0.417944
6079	0.15
6080	0.347813
6081	0.15
6082	0.15
6083	0.244337
6088	0.418139
6089	0.15
6090	0.2775
6091	0.15
6092	0.15
6093	0.15
6094	0.90554
6096	0.214436
6097	0.744867
6098	0.972497
6100	0.15
6101	0.2775
6105	0.226252
6106	0.204589
6107	0.16189
6108	0.15
6109	0.189492
6110	0.189358
6111	0.23027
6112	0.15
6113	0.15
6114	0.15
6116	0.15
6118	0.15
6119	0.15
6120	0.15
6121	0.15
6123	2.195336
6124	1.988543
6126	0.15
6127	0.15
6128	0.15
6129	0.15
6130	0.181826
6132	0.15
6133	0.15
6134	0.15
6135	0.15
6139	0.15
6141	0.15
6142	0.15
6143	0.15
6144	0.15
6145	0.15
6146	0.15
6147	0.15
6148	2.145118
6149	0.16889
6150	0.15
6151	0.905264
6152	0.15
6153	0.15
6155	0.15
6156	2.080957
6157	0.15
6158	0.15
6160	0.15
6161	0.647605
6162	0.218139
6164	0.267414
6165	0.15
6166	0.41533
6168	0.15
6169	0.15
6170	0.468791
6174	1.071038
6175	0.15
6176	0.15
6177	0.15
6178	0.15
6179	0.15
6180	0.15
6181	0.15
6182	0.15
6183	0.15
6184	0.15
6185	0.15
6186	0.15
6187	0.15
6188	0.15
6190	0.15
6191	0.15
6192	0.15
6193	0.15
6196	0.15
6197	0.15
6198	0.33586
6199	0.15
6200	0.15
6201	0.15
6202	0.15
6203	0.15
6204	0.15
6205	0.15
6206	0.15
6207	0.15
6208	0.15
6212	0.15
6213	0.15
6214	0.15
6215	0.15
6216	0.15
6217	0.15
6218	1.325337
6219	0.15
6220	0.15
6221	0.938156
6222	0.15
6223	0.15
6224	0.15
6225	0.162538
6226	0.227587
6227	0.959497
6228	0.15
6229	1.808027
6230	0.15
6232	0.15
6235	0.188427
6236	0.15
6239	0.15
6240	0.15
6241	0.453954
6242	0.15
6243	0.990979
6244	0.15
6245	0.15
6246	0.983014
6247	0.15
6248	0.15
6251	0.648139
6252	0.15
6253	0.15
6254	0.15
6255	0.91192
6257	0.189243
6258	0.15
6259	0.2775
6261	0.297151
6262	1.027087
6263	0.15
6264	0.15
6265	0.15
6266	0.15
6267	0.2775
6269	0.23162
6270	0.805078
6271	0.15
6272	0.71904
6273	0.15
6274	0.15
6275	0.15
6276	0.15
6278	0.204607
6279	0.155632
6280	0.426969
6281	0.15
6282	0.15
6286	0.15
6287	0.15
6288	0.15
6291	0.15
6292	0.15
6293	0.15
6294	0.15
6295	0.15
6296	1.48228
6297	0.15
6298	0.15
6299	2.583172
6301	0.15
6302	0.388221
6304	0.15
6305	0.98306
6306	1.087697
6307	0.219955
6311	0.243751
6312	0.15
6313	0.15
6314	0.15
6315	0.15
6316	0.15
6317	0.15
6319	0.15
6320	0.639055
6321	0.192512
6323	1.114205
6324	0.15
6325	0.15
6326	0.15
6327	2.871819
6328	1.058823
6330	2.02055
6331	0.15
6332	0.15
6333	0.15
6334	2.653289
6337	1.210635
6339	0.15
6340	0.232402
6344	0.164003
6346	0.15
6347	1.488888
6348	0.15
6349	0.15
6350	0.15
6351	0.15
6355	0.15
6356	0.15
6359	0.15
6360	0.298746
6366	0.15
6367	0.15
6371	0.15
6374	0.15
6375	0.15
6376	0.167995
6377	0.15
6378	0.15
6379	0.15
6380	0.15
6381	0.15
6383	0.15
6387	0.15
6388	1.303413
6389	0.15
6391	0.15
6392	0.15
6393	0.15
6394	0.15
6395	0.15
6396	0.15
6397	0.15
6398	0.15
6399	0.15
6400	1.534332
6406	0.15
6407	0.67867
6408	0.15
6409	0.453946
6410	0.15
6411	0.15
6412	0.15
6413	0.15
6414	2.278294
6415	0.15
6416	0.15
6417	1.496788
6421	0.340351
6422	1.366734
6423	0.15
6424	1.047988
6426	0.15
6427	0.389926
6428	0.15
6429	0.15
6430	0.15
6431	0.15
6432	1.041517
6435	0.296495
6436	0.15
6437	0.896131
6439	0.15
6440	0.15
6441	0.943849
6442	1.210593
6443	0.15
6444	0.15
6445	0.15
6446	0.15
6447	0.365915
6448	0.15
6450	0.15
6451	0.15
6452	0.15
6453	0.15
6454	0.15
6455	0.15
6456	0.15
6457	0.15
6458	2.027399
6459	0.15
6460	0.15
6461	0.15
6462	0.337177
6464	0.197766
6466	0.15
6467	0.15
6468	0.15
6469	0.15
6470	0.15
6471	0.15
6472	0.41576
6474	0.424376
6475	0.156473
6477	0.15
6478	0.15
6479	0.15
6480	0.15
6481	1.447849
6483	0.15
6484	0.15
6485	0.15
6486	0.15
6487	0.15
6488	0.15
6489	0.15
6490	0.15
6491	0.318217
6492	0.15
6493	0.15
6494	0.15
6495	0.15
6496	1.901566
6497	0.15
6498	1.070564
6500	0.15
6501	0.557958
6502	0.15
6503	0.809739
6504	0.15
6505	0.755909
6506	0.15
6507	0.15
6508	0.15
6509	0.15
6510	0.15
6511	0.398991
6513	0.15
6514	0.15
6515	0.15
6516	0.15
6517	0.15
6518	0.15
6519	0.15
6520	0.15
6521	0.15
6522	0.15
6523	1.845943
6524	0.15
6525	0.15
6526	0.15
6527	0.15
6528	0.617571
6529	0.246036
6530	0.28258
6532	0.370253
6533	0.15
6534	0.15
6535	0.15
6536	0.15
6537	0.15
6538	0.15
6539	0.15
6541	0.15
6542	0.15
6543	0.231816
6544	0.15
6545	0.15
6546	0.15
6547	0.15
6548	0.15
6550	0.15
6551	0.15
6552	0.439065
6553	0.370317
6554	0.89412
6555	2.615901
6560	2.755567
6561	0.15
6563	0.15
6565	0.15
6566	1.079219
6567	0.363924
6568	0.228168
6570	0.450756
6571	0.418045
6572	0.15
6573	0.15
6574	0.15
6575	0.15
6576	0.946533
6577	0.15
6578	0.15
6579	0.15
6580	0.15
6581	0.15
6582	0.15
6583	0.15
6584	0.15
6585	0.15
6586	0.15
6587	0.15
6588	0.15
6589	0.343681
6590	0.196856
6592	0.177228
6594	0.512185
6595	0.550763
6596	0.809344
6598	0.15
6599	0.915474
6600	1.482939
6601	0.15
6602	0.15
6603	0.15
6604	0.15
6605	0.15
6606	0.431345
6607	0.15
6608	0.15
6609	0.15
6611	0.152169
6612	0.15
6613	0.893442
6614	0.15
6615	0.15
6616	0.15
6617	0.15
6618	1.833076
6619	0.15
6620	0.15
6621	0.283042
6622	0.15
6623	0.1755
6624	0.93469
6625	0.15
6626	0.15
6627	0.15
6628	0.598213
6630	0.15
6632	0.415658
6633	0.15
6634	10.65645
6635	0.15
6636	0.15
6638	0.15
6639	0.15
6641	0.313441
6643	0.15
6644	0.15
6645	0.15
6646	0.15
6647	0.15
6648	0.15
6649	0.15
6650	0.15
6651	0.15
6652	0.15
6653	0.15
6654	0.15
6655	0.15
6656	0.15
6657	0.15
6658	0.15
6660	0.15
6661	0.36718
6663	0.354381
6665	2.152446
6666	0.15
6668	0.223718
6670	0.260059
6671	0.15
6672	0.15
6673	0.15
6674	0.15
6675	0.15
6676	0.15
6677	0.15
6678	0.15
6679	0.15
6680	0.161547
6681	0.153406
6682	0.561571
6683	0.15
6684	0.15
6685	0.38261
6686	0.342935
6687	0.15
6688	0.15
6689	0.15
6690	0.15
6691	0.686627
6692	0.15
6695	0.15
6696	0.15
6697	0.15
6698	0.15
6699	0.862882
6700	0.43579
6701	0.15
6702	0.15
6703	0.15
6705	0.15
6706	0.15
6707	0.413422
6709	0.669144
6710	0.15
6711	0.15
6712	0.602271
6713	0.15
6714	1.205149
6715	1.399389
6717	0.15
6718	0.15
6719	0.15
6720	0.95624
6721	0.179783
6723	0.267896
6724	0.20505
6725	0.618991
6726	0.15
6727	0.15
6728	0.15
6729	0.15
6730	0.15
6731	0.15
6732	0.15
6734	0.15
6735	0.15
6736	0.975439
6737	0.825387
6738	0.15
6739	1.605203
6744	0.15
6745	0.15
6746	0.15
6747	0.15
6749	0.15
6751	0.15
6752	0.15
6753	0.15
6755	0.496867
6756	0.167714
6757	0.21375
6758	0.15
6759	0.378528
6760	0.15
6761	0.15
6762	0.357866
6764	0.15
6765	0.976595
6766	0.15
6767	0.15
6768	0.15
6769	0.195517
6770	1.567503
6771	0.15
6772	0.263363
6773	0.15
6774	4.797798
6775	0.15
6776	0.15
6777	0.218198
6778	0.201062
6779	0.15
6780	1.824025
6781	0.15
6782	0.15
6783	0.620531
6784	2.917795
6787	0.15
6788	0.393293
6789	1.064374
6790	1.538718
6791	0.21375
6793	0.15
6794	0.15
6795	0.15
6797	0.15
6798	0.15
6800	0.15
6801	0.15
6802	0.15
6803	0.441954
6804	0.15
6805	0.327511
6806	0.193068
6807	0.15
6808	0.15
6809	0.473104
6810	0.15
6811	0.15
6812	0.15
6813	0.275271
6815	0.15
6816	0.15
6818	0.15
6819	0.15
6821	0.15
6822	0.15
6824	0.15
6826	0.179659
6828	0.15
6829	0.15
6832	5.253229
6833	2.274379
6834	0.15
6835	0.15
6836	0.15
6837	0.15
6840	0.59336
6841	0.15
6842	0.15
6843	0.15
6844	0.15
6845	0.15
6846	0.15
6847	0.15
6848	0.15
6850	0.745575
6852	0.15
6854	0.15
6855	1.12098
6856	0.151635
6858	0.161157
6859	0.15
6860	0.780772
6861	0.15
6862	0.15
6863	0.15
6864	0.15
6865	0.15
6866	0.15
6867	0.15
6869	1.174716
6870	0.15
6871	0.1755
6873	0.449433
6875	1.179343
6876	0.15
6877	0.15
6878	0.15
6880	0.15
6881	0.15
6883	0.15
6884	0.15
6885	0.15
6886	0.15
6889	0.15
6890	0.271356
6892	0.280759
6895	0.15
6896	0.15
6897	0.770808
6899	0.15
6900	0.15
6901	0.569495
6902	0.15
6903	0.15
6904	0.280536
6905	0.15
6906	0.15
6907	1.600825
6908	0.15
6909	0.15
6910	0.15
6911	0.15
6912	0.15
6913	1.810031
6914	3.744941
6915	0.15
6916	0.15
6917	0.253002
6918	0.890486
6920	0.223751
6921	0.15
6922	0.15
6923	0.243017
6924	0.529192
6926	0.15
6927	0.15
6928	0.15
6929	0.15
6930	1.383756
6933	0.244608
6934	1.081029
6935	0.15
6936	0.15
6938	0.251901
6940	0.15
6941	0.15
6942	0.292018
6943	0.15
6945	0.348053
6946	5.372779
6947	0.15
6948	0.589939
6949	0.15
6950	0.242061
6951	0.166209
6953	0.557088
6954	0.15
6955	1.189371
6958	0.15
6959	0.15
6960	0.15
6961	0.15
6962	0.15
6963	0.15
6965	0.170796
6967	0.202694
6968	0.15
6969	0.15
6971	0.15
6972	0.15
6974	0.15
6975	0.15
6976	0.962212
6978	0.15
6979	2.078947
6980	1.675856
6981	0.15
6982	0.438228
6983	0.25561
6984	0.15
6985	0.15
6986	0.15
6987	0.16127
6990	0.15
6991	0.15
6993	0.69909
6994	0.716727
6995	0.15
6996	0.15
6997	0.299838
6998	0.15
6999	0.15
7000	0.15
7001	0.15
7002	0.15
7003	0.15
7004	0.15
7005	1.164183
7006	0.15
7007	0.15
7008	0.15
7009	0.15
7010	0.15
7011	0.15
7012	1.335084
7013	0.15
7014	0.15
7015	0.15
7016	0.15
7017	0.15
7018	0.15
7019	0.15
7020	0.15
7021	2.810839
7022	0.15
7023	0.45803
7024	0.15
7025	0.15
7026	0.15
7027	0.15
7028	0.15
7029	0.15
7030	0.15
7031	0.15
7032	0.15
7033	0.405
7034	0.150174
7035	0.15
7036	0.15
7037	0.15
7038	0.15
7040	0.583176
7041	0.15
7042	0.287045
7043	0.15
7044	0.15
7045	0.15
7046	0.15
7047	0.901681
7048	0.15
7049	0.15
7050	1.241491
7051	0.15
7052	1.207487
7053	0.15
7054	0.848898
7055	0.15
7056	0.15
7057	0.15
7059	0.664384
7060	0.238362
7061	0.15
7062	0.160157
7063	1.423328
7064	0.15
7065	0.15
7070	0.15
7071	0.15
7072	0.15
7073	0.809935
7074	0.344889
7079	0.15
7080	0.15
7082	0.15
7084	0.15
7085	0.15
7086	0.15
7087	0.15
7088	0.706949
7089	0.15
7090	0.15
7092	4.758395
7094	0.557756
7095	0.15
7096	0.15
7098	0.15
7099	0.15
7100	0.15
7101	0.788842
7103	0.15
7104	0.15
7106	0.15
7107	0.15
7108	1.17221
7109	0.15
7110	0.23535
7111	0.15
7112	0.15
7113	0.15
7114	0.15
7115	2.00284
7116	0.9344
7117	0.15
7118	0.15
7119	0.861243
7120	0.789102
7121	0.15
7122	0.15
7123	0.15
7124	0.15
7125	0.15
7126	0.15
7127	0.15
7128	0.15
7129	0.15
7130	0.15
7131	2.28736
7132	0.15
7133	0.15
7134	0.15
7135	0.15
7136	0.15
7137	0.15
7138	0.15
7139	0.15
7140	0.15
7142	0.15
7143	0.808081
7144	1.258346
7145	0.15
7146	0.332713
7149	0.310849
7150	0.15
7151	0.15
7153	0.15
7154	0.15
7155	0.15
7156	0.15
7157	0.15
7158	0.15
7159	0.15
7160	0.15
7161	0.216211
7162	0.332836
7163	0.15
7164	0.15
7165	0.15
7166	0.15
7167	0.15
7168	1.230007
7170	0.15
7171	0.15
7172	0.15
7173	0.15
7174	0.15
7175	0.15
7176	0.15
7177	0.15
7178	0.15
7179	0.15
7180	0.15
7181	0.15
7183	0.15
7184	0.15
7185	0.669452
7186	0.248316
7187	0.15
7188	0.15
7189	0.15
7190	0.15
7191	0.2775
7192	0.15
7193	0.15
7194	0.15
7195	0.2775
7197	0.15
7198	0.15
7199	0.15
7201	0.44159
7203	0.15
7204	0.274274
7205	0.15
7206	0.15
7210	0.15
7211	0.15
7212	0.15
7214	2.311613
7215	0.22989
7217	0.15
7218	0.15
7219	0.15
7220	0.15
7221	0.15
7222	0.26198
7223	0.15
7225	1.738599
7226	0.15
7227	0.15
7228	0.15
7229	0.15
7230	0.15
7231	0.15
7232	0.15
7233	1.61567
7234	0.15
7235	0.15
7236	0.15
7237	0.719014
7238	1.217183
7239	0.15
7240	0.15
7241	0.15
7243	0.404914
7245	0.15
7246	0.269276
7250	0.21544
7251	0.15
7252	0.15
7253	0.15
7254	0.33986
7255	0.15
7257	0.222145
7260	0.15
7262	0.265728
7265	0.15
7266	0.15
7267	0.15
7268	0.15
7269	0.15
7270	0.15
7271	0.15
7273	0.223729
7276	0.15
7277	1.172937
7278	0.15
7279	1.377752
7280	1.062683
7281	0.15
7282	0.15
7283	0.15
7284	0.15
7285	0.15
7286	0.15
7287	0.15
7289	0.212556
7290	0.212711
7291	0.15
7292	0.38769
7293	0.15
7294	0.15
7295	1.106402
7296	0.15
7297	0.180538
7298	0.15
7299	0.15
7300	0.15
7301	1.760568
7302	0.15
7304	0.197841
7305	0.15
7306	1.086679
7309	0.15
7310	0.15
7315	0.281212
7316	0.302
7317	0.15
7318	0.180524
7319	0.344145
7320	0.15
7321	0.15
7323	0.251204
7326	0.15
7327	0.15
7329	0.15
7330	0.15
7332	0.15
7333	0.15
7335	0.15
7336	0.15
7337	0.15
7341	0.387811
7342	0.15
7343	0.15
7344	0.15
7345	0.15
7347	0.15
7348	0.15
7349	0.15
7350	0.15
7351	0.937248
7352	0.15
7353	0.15
7354	0.15
7355	0.15
7357	0.15
7359	0.330532
7360	0.15
7362	0.297114
7363	0.15
7365	0.192282
7371	0.15
7372	0.15
7373	0.651223
7374	0.15
7376	0.15
7377	0.15
7378	1.467016
7379	0.15
7380	0.15
7381	1.29575
7382	0.15
7383	0.15
7386	1.475747
7387	0.216565
7389	0.698458
7390	0.15
7391	1.118971
7392	0.15
7393	0.450665
7394	0.15
7397	0.351004
7400	0.764004
7401	0.15
7402	0.15
7403	0.15
7404	0.15
7405	0.15
7407	0.250666
7409	0.15
7413	0.15
7414	2.374742
7415	0.15
7416	0.15
7417	0.15
7418	0.15
7419	0.15
7420	0.15
7421	0.15
7422	0.59635
7423	0.308804
7424	0.15
7425	0.15
7426	0.15
7427	0.15
7428	0.15
7429	0.15
7430	0.15
7431	0.15
7434	0.399732
7436	0.281839
7439	0.270239
7440	0.272047
7441	0.15
7442	0.751889
7443	0.855323
7444	0.15
7445	0.15
7446	0.15
7447	0.15
7448	0.15
7449	0.331445
7450	1.392731
7451	0.15
7452	0.15
7453	0.15
7454	0.15
7455	0.15
7456	0.15
7457	0.15
7458	0.15
7459	0.15
7461	0.15
7462	0.15
7465	0.15
7466	0.15
7467	0.405
7468	0.15
7469	0.15
7470	0.15
7471	0.15
7472	0.15
7473	0.15
7474	0.15
7476	0.15
7477	0.15
7478	2.412331
7480	0.15
7481	0.15
7482	0.15
7483	0.15
7484	0.15
7485	0.15
7486	0.15
7487	0.15
7490	0.202837
7491	0.22289
7492	0.15
7493	0.778854
7494	0.15
7495	0.2775
7497	0.515704
7498	0.336376
7501	0.15
7502	0.15
7503	0.15
7505	0.15
7506	0.197239
7508	0.201163
7509	0.15
7510	1.257103
7511	0.15
7512	0.483398
7513	0.15
7514	0.15
7515	0.15
7517	0.486921
7518	0.15
7520	0.260634
7522	0.15
7523	0.15
7524	0.15
7525	0.15
7527	0.15
7528	0.15
7529	0.872225
7531	0.15
7533	0.321529
7534	0.184822
7535	0.15
7536	0.15
7537	0.15
7538	0.15
7540	0.15
7544	0.70238
7545	0.15
7546	0.15
7549	0.15
7550	0.15
7553	6.446217
7554	0.15
7557	0.324036
7561	0.785117
7563	0.15
7564	0.15
7565	0.15
7567	0.626239
7569	0.15
7570	0.15
7571	0.15
7572	0.15
7574	0.422116
7576	0.15
7577	0.15
7578	0.15
7579	0.15
7580	0.15
7581	0.15
7583	0.200389
7585	0.15
7586	0.15
7587	1.94331
7588	0.494781
7590	0.232452
7593	0.260744
7594	0.15
7595	0.15
7597	0.15
7598	0.15
7599	0.15
7600	0.15
7601	0.15
7602	0.15
7604	0.453386
7605	0.15
7608	0.15
7609	0.15
7610	0.15
7611	0.15
7613	0.15
7614	0.15
7615	0.15
7616	0.15
7617	0.15
7618	0.779387
7619	0.15
7620	5.740165
7623	0.15
7624	1.312532
7625	0.15
7626	0.15
7629	0.15
7630	0.15
7632	5.667857
7634	0.24693
7636	0.153003
7637	0.15
7638	0.15
7639	0.15
7642	0.256341
7644	0.15
7645	0.15
7646	1.013347
7647	0.460159
7648	0.315455
7649	1.878653
7650	0.15
7651	1.017157
7652	0.349521
7653	0.341644
7658	0.256291
7659	0.15
7660	0.15
7661	0.15
7662	1.178268
7663	0.15
7664	0.15
7665	0.15
7666	0.404412
7668	0.356999
7669	0.425484
7670	0.15
7672	0.18318
7673	0.256299
7675	0.219337
7676	0.15
7677	0.15
7678	0.15
7679	0.15
7682	0.15
7683	0.773607
7684	0.15
7685	0.15
7686	0.15
7687	0.15
7688	0.50219
7690	0.163311
7691	0.273675
7694	0.680942
7695	0.455053
7696	0.15
7697	0.15
7698	0.15
7699	3.165111
7701	0.43396
7703	0.15
7704	0.15
7705	0.15
7706	0.15
7707	0.943707
7708	0.226822
7715	0.15
7716	0.15
7717	0.15
7719	0.15
7720	0.15
7721	0.15
7724	0.15
7726	0.696115
7727	0.15
7728	0.15
7729	0.15
7730	0.351493
7732	0.15
7733	0.15
7734	0.308942
7735	0.219321
7736	0.15
7737	0.15
7738	0.15
7740	0.290579
7741	0.15
7742	0.15
7743	0.15
7744	0.15
7745	0.15
7747	0.15
7750	0.15
7751	0.15
7752	0.15
7753	0.15
7754	0.15
7755	0.15
7756	0.15
7757	1.727352
7758	0.15
7759	0.15
7760	0.15
7761	0.15
7762	0.15
7763	1.60181
7765	0.169318
7766	0.15
7767	0.15
7768	0.15
7769	0.15
7770	0.15
7771	0.15
7772	0.15
7773	0.15
7774	0.15
7775	0.15
7777	0.15
7778	0.73469
7779	0.15
7780	0.15
7781	0.15
7782	0.15
7783	0.15
7788	0.71839
7789	0.15
7790	0.15
7791	0.4118
7792	0.15
7795	0.861934
7796	0.15
7797	0.151821
7799	0.182666
7800	0.15
7801	0.15
7802	0.15
7803	2.289189
7804	0.15
7805	0.15
7806	0.15
7808	0.15
7809	2.661193
7810	0.722566
7812	0.15
7813	1.063466
7814	0.15
7815	0.15
7818	0.15
7819	0.20291
7821	0.15
7822	0.15
7826	0.15
7827	0.15
7828	0.15
7829	0.15
7830	0.15
7831	0.15
7832	0.15
7833	1.331656
7834	0.15
7835	1.290945
7836	0.15
7837	0.15
7839	1.767063
7840	0.223823
7841	0.15
7842	0.15
7843	0.15
7844	0.15
7845	0.15
7848	0.15
7849	0.15
7850	0.15
7851	0.15
7852	0.15
7853	0.15
7854	0.15
7855	1.052584
7856	0.15
7857	0.341156
7860	1.870927
7861	0.15
7862	2.476136
7863	0.15
7864	0.15
7865	0.15
7866	0.15
7867	0.15
7868	0.15
7869	0.15
7870	0.15
7871	1.411892
7873	0.15
7874	0.472113
7875	0.15
7877	0.15
7878	0.15
7879	0.890058
7881	0.156545
7882	2.187512
7883	0.15
7884	0.15
7885	0.15
7886	0.15
7887	0.15
7888	0.15
7889	0.15
7890	3.013174
7891	0.15
7892	0.15
7893	0.15
7894	0.15
7899	0.248551
7900	0.15
7901	0.15
7902	0.15
7903	0.15
7904	0.15
7905	0.15
7906	0.15
7907	0.15
7908	2.14993
7909	0.178103
7910	1.532178
7911	0.15
7912	1.440068
7913	0.183243
7914	0.15
7915	0.15
7916	0.15
7919	0.15
7920	0.15
7921	0.608735
7922	0.15
7923	0.15
7924	0.978417
7925	0.15
7927	1.549771
7928	0.839608
7929	0.15
7930	0.15
7931	0.15
7932	0.15
7933	0.15
7934	0.15
7935	0.15
7937	0.15
7938	0.15
7939	0.15
7940	0.15
7941	0.15
7942	0.15
7944	0.15
7945	0.15
7946	0.532694
7948	0.15
7949	0.15
7950	0.15
7952	0.288742
7953	0.15
7954	0.15
7955	0.15
7956	0.15
7957	0.150174
7959	0.15
7960	0.15
7961	2.52048
7964	0.15
7965	0.695429
7966	0.15
7967	0.15
7968	0.15
7969	0.15
7970	0.15
7972	0.15
7973	0.2775
7974	0.15
7975	0.15
7976	0.15
7978	0.15
7979	1.021929
7980	0.15
7981	0.15
7982	0.2775
7985	0.15
7986	0.440398
7991	0.157764
7992	1.094083
7993	0.15
7994	0.263048
7995	0.15
7996	0.388632
7998	0.15
7999	0.15
8000	0.15
8001	0.15
8002	1.03772
8005	0.15
8006	0.15
8007	0.359593
8009	0.15
8010	0.15
8011	0.15
8012	0.15
8013	0.15
8014	0.15
8015	0.2775
8019	0.329539
8020	0.15
8021	0.280406
8023	0.15
8024	0.376712
8025	0.23035
8027	0.15
8028	0.397928
8033	0.55335
8035	0.15
8036	0.15
8037	0.361561
8038	0.652491
8040	0.15
8041	0.15
8042	4.387544
8043	0.491535
8044	0.69237
8045	0.15
8046	0.15
8047	0.15
8048	0.15
8049	0.15
8050	0.190375
8051	1.01057
8052	0.15
8053	0.15
8054	0.15
8055	0.15
8056	0.15
8057	0.15
8058	0.282007
8060	0.15
8061	0.15
8062	0.15
8063	0.15
8064	0.15
8065	0.15
8066	0.15
8068	0.208736
8069	0.15
8070	0.15
8071	0.15
8072	0.15
8073	0.577061
8074	0.15
8075	0.15
8076	0.405
8077	0.15
8079	0.315006
8080	0.15
8081	0.15
8083	0.860761
8084	0.15
8085	0.15
8086	0.15
8087	0.15
8088	0.15
8089	0.21375
8090	0.250359
8091	0.15
8092	0.15
8093	0.15
8094	0.15
8095	0.15
8096	0.15
8097	0.15
8098	0.15
8099	0.15
8100	0.15
8101	0.15
8102	0.15
8103	0.15
8104	0.15
8105	0.15
8106	0.15
8107	0.15
8108	0.15
8109	0.15
8110	0.15
8111	0.15
8112	0.15
8114	0.15
8115	0.15
8118	0.15
8119	0.15
8120	0.15
8121	1.544192
8122	0.304145
8124	0.456743
8126	0.15
8128	0.560638
8130	0.279005
8131	0.15
8132	0.278906
8133	0.15
8134	1.365496
8135	0.15
8136	0.15
8137	0.15
8138	0.15
8139	0.288888
8140	0.15
8141	1.135
8142	0.15
8144	0.15
8145	0.15
8146	0.15
8147	0.15
8148	0.546894
8149	0.36731
8150	0.15
8152	0.15
8153	0.15
8155	0.15
8156	0.15
8157	0.15
8158	0.15
8159	0.15
8161	0.15
8162	0.15
8163	3.753102
8165	0.154554
8166	0.15
8167	0.15
8168	0.777395
8169	0.316307
8170	0.15
8171	0.15
8172	0.15
8173	0.15
8174	1.92174
8175	0.178587
8177	0.15
8178	2.003078
8179	0.15
8180	0.15
8181	0.15
8182	0.15
8183	0.15
8184	0.15
8186	0.202896
8187	0.15
8189	0.15
8190	0.15
8192	1.858414
8193	0.15
8194	0.15
8195	0.15
8196	0.15
8197	0.15
8198	0.988733
8199	0.15
8202	0.15
8203	0.15
8204	0.22504
8205	0.15
8206	0.15
8209	0.489359
8211	0.15
8212	1.539761
8213	0.15
8214	0.15
8215	0.15
8216	0.15
8219	0.727359
8221	0.15
8222	0.15
8224	0.819255
8225	0.195834
8226	0.266813
8227	0.293995
8229	0.15
8231	0.15
8232	0.15
8233	0.15
8235	0.24961
8236	0.15
8237	0.622966
8238	0.15
8241	0.15
8242	0.15
8243	0.15
8244	0.15
8245	0.15
8246	0.679694
8248	0.15
8249	1.249905
8251	0.15
8252	0.15
8253	0.15
8254	0.15
8255	0.15
8256	0.15
8260	0.15
8261	0.15
8262	0.15
8263	0.221712
8264	0.15
8265	0.15
8266	0.15
8270	0.15
8271	0.177052
8272	0.15
8273	0.15
8274	0.15
8275	0.495761
8276	0.417237
8277	0.236591
8282	0.223491
8283	0.936693
8284	0.486162
8285	0.247531
8286	0.286172
8287	1.515087
8288	0.510068
8289	0.17379
8290	1.494428
8291	1.542813
8292	0.951708
8293	5.066431
8294	2.711586
8295	2.241947
8296	0.257168
8297	1.058581
